Security Wise Delivery Position - Compulsory Rolling Settlement
10,MTO,19112019,893857321,0001753
Trade Date <19-NOV-2019>,Settlement Type <N>
Record Type,Sr No,Name of Security,Quantity Traded,Deliverable Quantity(gross across client level),% of Deliverable Quantity to Traded Quantity
20,1,20MICRONS,EQ,45243,32083,70.91
20,2,21STCENMGM,EQ,2241,1941,86.61
20,3,3IINFOTECH,EQ,1289251,896767,69.56
20,4,3MINDIA,EQ,693,430,62.05
20,5,3PLAND,EQ,3035,3035,100.00
20,6,5PAISA,EQ,6437,3952,61.40
20,7,63MOONS,EQ,151202,76337,50.49
20,8,772GS2049,GS,100,100,100.00
20,9,A2ZINFRA,EQ,175576,125319,71.38
20,10,AAKASH,SM,16000,8000,50.00
20,11,AARON,SM,3300,3300,100.00
20,12,AARTIDRUGS,EQ,9958,4823,48.43
20,13,AARTIIND,EQ,269118,172373,64.05
20,14,AARVEEDEN,EQ,4425,3584,80.99
20,15,AARVI,SM,2000,2000,100.00
20,16,AAVAS,EQ,55782,40023,71.75
20,17,ABB,EQ,43691,26046,59.61
20,18,ABBOTINDIA,EQ,6314,2606,41.27
20,19,ABCAPITAL,EQ,2028488,864211,42.60
20,20,ABFRL,EQ,647553,369365,57.04
20,21,ABINFRA,SM,8000,8000,100.00
20,22,ABSLBANETF,EQ,52,31,59.62
20,23,ABSLNN50ET,EQ,3,1,33.33
20,24,ABSLRIF6RG,MF,12000,12000,100.00
20,25,ACC,EQ,514558,165780,32.22
20,26,ACCELYA,EQ,148357,42751,28.82
20,27,ACCORD,SM,6000,0,0.00
20,28,ACCURACY,SM,1600,1600,100.00
20,29,ACE,EQ,270844,240531,88.81
20,30,ADANIENT,EQ,2954848,265583,8.99
20,31,ADANIGAS,EQ,337626,168490,49.90
20,32,ADANIGREEN,EQ,1471915,654208,44.45
20,33,ADANIPORTS,EQ,2758083,1741887,63.16
20,34,ADANIPOWER,EQ,6159411,899838,14.61
20,35,ADANITRANS,EQ,177796,102286,57.53
20,36,ADFFOODS,EQ,37519,24328,64.84
20,37,ADHUNIKIND,EQ,110708,57463,51.91
20,38,ADORWELD,EQ,3779,2535,67.08
20,39,ADROITINFO,EQ,10490,10490,100.00
20,40,ADSL,EQ,215525,130738,60.66
20,41,ADVANIHOTR,EQ,20920,4034,19.28
20,42,ADVENZYMES,EQ,43140,24774,57.43
20,43,AEGISCHEM,EQ,122330,57704,47.17
20,44,AFFLE,EQ,75513,29205,38.68
20,45,AGARIND,EQ,3281,3166,96.49
20,46,AGRITECH,EQ,2501,2134,85.33
20,47,AGROPHOS,EQ,718345,229703,31.98
20,48,AHLADA,SM,7000,6000,85.71
20,49,AHLEAST,EQ,5916,5199,87.88
20,50,AHLUCONT,EQ,3536,1982,56.05
20,51,AHLWEST,EQ,25100,13258,52.82
20,52,AIAENG,EQ,7769,5341,68.75
20,53,AIONJSW,EQ,87638,84702,96.65
20,54,AIRAN,EQ,3617,3380,93.45
20,55,AISL,SM,7200,4800,66.67
20,56,AJANTPHARM,EQ,29646,9952,33.57
20,57,AJMERA,EQ,28689,16763,58.43
20,58,AKASH,EQ,2005,0,0.00
20,59,AKG,SM,4000,4000,100.00
20,60,AKSHARCHEM,EQ,2240,1328,59.29
20,61,AKSHOPTFBR,EQ,354354,208314,58.79
20,62,AKZOINDIA,EQ,4497,2770,61.60
20,63,ALANKIT,EQ,29664,27674,93.29
20,64,ALBERTDAVD,EQ,7768,4637,59.69
20,65,ALBK,EQ,11531981,3683193,31.94
20,66,ALEMBICLTD,EQ,132068,78755,59.63
20,67,ALICON,EQ,2536,1229,48.46
20,68,ALKALI,EQ,26630,14131,53.06
20,69,ALKEM,EQ,78374,42856,54.68
20,70,ALKYLAMINE,EQ,9488,7699,81.14
20,71,ALLCARGO,EQ,94725,53251,56.22
20,72,ALLSEC,EQ,1432,1093,76.33
20,73,ALMONDZ,EQ,1638,1316,80.34
20,74,ALOKTEXT,EQ,338002,338002,100.00
20,75,ALPA,EQ,7464,4919,65.90
20,76,ALPHAGEO,EQ,9231,6004,65.04
20,77,AMARAJABAT,EQ,650025,180700,27.80
20,78,AMBANIORG,SM,2000,2000,100.00
20,79,AMBER,EQ,5608,3168,56.49
20,80,AMBIKCO,EQ,2675,1868,69.83
20,81,AMBUJACEM,EQ,2382060,1212586,50.90
20,82,AMDIND,EQ,3572,3374,94.46
20,83,AMJLAND,EQ,20223,18862,93.27
20,84,AMRUTANJAN,EQ,57670,29176,50.59
20,85,ANANTRAJ,EQ,216374,68062,31.46
20,86,ANDHRABANK,EQ,9309090,2599744,27.93
20,87,ANDHRSUGAR,EQ,16915,10817,63.95
20,88,ANSALAPI,EQ,59006,40166,68.07
20,89,ANSALHSG,EQ,242828,149245,61.46
20,90,ANUP,EQ,60090,57093,95.01
20,91,APARINDS,EQ,19951,12342,61.86
20,92,APCL,EQ,559,381,68.16
20,93,APCOTEXIND,EQ,12079,7984,66.10
20,94,APEX,EQ,342750,97244,28.37
20,95,APLAPOLLO,EQ,11322,8432,74.47
20,96,APLLTD,EQ,20211,12011,59.43
20,97,APOLLO,EQ,364215,99531,27.33
20,98,APOLLOHOSP,EQ,472316,177046,37.48
20,99,APOLLOPIPE,EQ,5825,4162,71.45
20,100,APOLLOTYRE,EQ,1177120,324192,27.54
20,101,APOLSINHOT,EQ,906,709,78.26
20,102,APTECHT,EQ,191161,46810,24.49
20,103,ARCHIDPLY,EQ,15074,13233,87.79
20,104,ARIES,EQ,54540,38465,70.53
20,105,ARIHANT,EQ,7720,6225,80.63
20,106,ARMANFIN,EQ,1645,1110,67.48
20,107,AROGRANITE,EQ,1789,1193,66.69
20,108,ARROWGREEN,EQ,1088,403,37.04
20,109,ARROWTEX,EQ,16487,12885,78.15
20,110,ARSHIYA,EQ,34127,28846,84.53
20,111,ARSSINFRA,EQ,2657,2171,81.71
20,112,ARVIND,EQ,763833,310656,40.67
20,113,ARVINDFASN,EQ,67033,53728,80.15
20,114,ARVSMART,EQ,13807,10255,74.27
20,115,ASAHIINDIA,EQ,6934,6197,89.37
20,116,ASAHISONG,EQ,13923,7731,55.53
20,117,ASAL,EQ,9320,7434,79.76
20,118,ASHIANA,EQ,77815,62026,79.71
20,119,ASHIMASYN,EQ,91709,54332,59.24
20,120,ASHOKA,EQ,516018,313740,60.80
20,121,ASHOKLEY,EQ,21836162,4527786,20.74
20,122,ASIANHOTNR,EQ,1040,144,13.85
20,123,ASIANPAINT,EQ,1187377,744098,62.67
20,124,ASIANTILES,EQ,85522,58471,68.37
20,125,ASLIND,SM,24000,24000,100.00
20,126,ASPINWALL,EQ,56,35,62.50
20,127,ASTEC,EQ,6035,5340,88.48
20,128,ASTERDM,EQ,982144,932300,94.92
20,129,ASTRAL,EQ,93862,67690,72.12
20,130,ASTRAMICRO,EQ,421914,231330,54.83
20,131,ASTRAZEN,EQ,6155,3089,50.19
20,132,ASTRON,EQ,174367,103037,59.09
20,133,ATFL,EQ,20266,16126,79.57
20,134,ATUL,EQ,3580,2602,72.68
20,135,ATULAUTO,EQ,12213,8242,67.49
20,136,AUBANK,EQ,189230,99771,52.72
20,137,AURIONPRO,EQ,3292,2609,79.25
20,138,AUROPHARMA,EQ,4172872,1060486,25.41
20,139,AUSOMENT,EQ,2812,2771,98.54
20,140,AUTOAXLES,EQ,8082,5655,69.97
20,141,AUTOIND,EQ,60215,34437,57.19
20,142,AUTOLITIND,EQ,7861,3652,46.46
20,143,AVADHSUGAR,EQ,102325,35592,34.78
20,144,AVANTIFEED,EQ,613808,176735,28.79
20,145,AVG,SM,2400,2400,100.00
20,146,AVTNPL,EQ,462047,264195,57.18
20,147,AXISBANK,EQ,14424251,5983016,41.48
20,148,AXISCADES,EQ,29608,20028,67.64
20,149,AXISGOLD,EQ,148,74,50.00
20,150,AXISNIFTY,EQ,61,27,44.26
20,151,AYMSYNTEX,EQ,8666,8181,94.40
20,152,BAGFILMS,EQ,201290,157775,78.38
20,153,BAJAJ-AUTO,EQ,285669,69163,24.21
20,154,BAJAJCON,EQ,68342,33630,49.21
20,155,BAJAJELEC,EQ,166561,84791,50.91
20,156,BAJAJFINSV,EQ,237653,67305,28.32
20,157,BAJAJHIND,EQ,2638610,1311855,49.72
20,158,BAJAJHLDNG,EQ,17577,10692,60.83
20,159,BAJFINANCE,EQ,829535,264574,31.89
20,160,BALAJITELE,EQ,92073,63279,68.73
20,161,BALAMINES,EQ,14193,7824,55.13
20,162,BALAXI,EQ,203,153,75.37
20,163,BALKRISIND,EQ,1954583,1520186,77.78
20,164,BALLARPUR,EQ,1392669,1169133,83.95
20,165,BALMLAWRIE,EQ,81933,50980,62.22
20,166,BALPHARMA,EQ,5364,4136,77.11
20,167,BALRAMCHIN,EQ,822595,302699,36.80
20,168,BANARBEADS,EQ,1394,1190,85.37
20,169,BANARISUG,EQ,603,429,71.14
20,170,BANCOINDIA,EQ,71761,41491,57.82
20,171,BANDHANBNK,EQ,2252366,1280305,56.84
20,172,BANG,EQ,8989,7523,83.69
20,173,BANKA,SM,1200,1200,100.00
20,174,BANKBARODA,EQ,34458756,5118744,14.85
20,175,BANKBEES,EQ,3931,2179,55.43
20,176,BANKINDIA,EQ,20170328,2146325,10.64
20,177,BANSWRAS,EQ,23269,13753,59.10
20,178,BASF,EQ,5477,3831,69.95
20,179,BASML,EQ,1615,1510,93.50
20,180,BATAINDIA,EQ,426584,113768,26.67
20,181,BAYERCROP,EQ,11965,5791,48.40
20,182,BBL,EQ,8513,6487,76.20
20,183,BBTC,EQ,74251,23916,32.21
20,184,BCG,EQ,377263,377234,99.99
20,185,BCONCEPTS,SM,9000,9000,100.00
20,186,BCP,EQ,80666,73554,91.18
20,187,BDL,EQ,43674,17221,39.43
20,188,BEARDSELL,EQ,52567,51789,98.52
20,189,BEDMUTHA,EQ,7152,6877,96.15
20,190,BEL,EQ,3983462,1457940,36.60
20,191,BEML,EQ,267481,43414,16.23
20,192,BEPL,EQ,350837,152986,43.61
20,193,BERGEPAINT,EQ,1109589,576339,51.94
20,194,BETA,SM,800,800,100.00
20,195,BFINVEST,EQ,77933,22220,28.51
20,196,BFUTILITIE,EQ,100750,44403,44.07
20,197,BGRENERGY,EQ,78178,41908,53.61
20,198,BHAGERIA,EQ,14796,9936,67.15
20,199,BHAGYANGR,EQ,7762,4621,59.53
20,200,BHAGYAPROP,EQ,892,651,72.98
20,201,BHANDARI,EQ,160484,131690,82.06
20,202,BHARATFORG,EQ,1289037,475971,36.92
20,203,BHARATGEAR,EQ,10202,5612,55.01
20,204,BHARATRAS,EQ,1318,795,60.32
20,205,BHARATWIRE,EQ,2399,1500,62.53
20,206,BHARTIARTL,EQ,62786851,23085997,36.77
20,207,BHEL,EQ,20906445,4809320,23.00
20,208,BIGBLOC,EQ,1140,1088,95.44
20,209,BIL,EQ,657,468,71.23
20,210,BINDALAGRO,EQ,17979,13356,74.29
20,211,BIOCON,EQ,1196367,316755,26.48
20,212,BIRLACABLE,EQ,166374,85149,51.18
20,213,BIRLACORPN,EQ,49977,30549,61.13
20,214,BIRLAMONEY,EQ,124909,75741,60.64
20,215,BKMINDST,EQ,150559,143051,95.01
20,216,BLBLIMITED,EQ,2227,1425,63.99
20,217,BLISSGVS,EQ,145308,64104,44.12
20,218,BLKASHYAP,EQ,18008,15751,87.47
20,219,BLS,EQ,137032,74425,54.31
20,220,BLUEDART,EQ,4431,3842,86.71
20,221,BLUESTARCO,EQ,27517,19440,70.65
20,222,BODALCHEM,EQ,83120,71714,86.28
20,223,BOMDYEING,EQ,943713,278699,29.53
20,224,BOROSIL,EQ,52784,26668,50.52
20,225,BOSCHLTD,EQ,11380,5383,47.30
20,226,BPCL,EQ,3549931,767955,21.63
20,227,BPL,EQ,85616,60631,70.82
20,228,BRIGADE,EQ,54685,36825,67.34
20,229,BRITANNIA,EQ,261351,82409,31.53
20,230,BRITANNIA,N2,19461,17422,89.52
20,231,BRNL,EQ,10424,2252,21.60
20,232,BROOKS,EQ,24246,17978,74.15
20,233,BSE,EQ,60544,46203,76.31
20,234,BSHSL,SM,1200,1200,100.00
20,235,BSL,EQ,9617,4300,44.71
20,236,BSLGOLDETF,EQ,58,29,50.00
20,237,BSLNIFTY,EQ,110,110,100.00
20,238,BSOFT,EQ,395707,318823,80.57
20,239,BUTTERFLY,EQ,18830,11922,63.31
20,240,BYKE,EQ,16599,12802,77.13
20,241,CADILAHC,EQ,1756950,722653,41.13
20,242,CADSYS,SM,4000,4000,100.00
20,243,CAMLINFINE,EQ,51958,38948,74.96
20,244,CANBK,EQ,16903143,1784518,10.56
20,245,CANFINHOME,EQ,874070,175931,20.13
20,246,CANTABIL,EQ,20060,6343,31.62
20,247,CAPACITE,EQ,32779,15626,47.67
20,248,CAPLIPOINT,EQ,81411,44648,54.84
20,249,CARBORUNIV,EQ,16147,10342,64.05
20,250,CAREERP,EQ,14015,11438,81.61
20,251,CARERATING,EQ,77183,51275,66.43
20,252,CASTROLIND,EQ,4500339,616173,13.69
20,253,CCHHL,EQ,12511,11153,89.15
20,254,CCL,EQ,196782,134290,68.24
20,255,CDSL,EQ,159405,92611,58.10
20,256,CEATLTD,EQ,68916,10824,15.71
20,257,CEBBCO,EQ,620426,208428,33.59
20,258,CELEBRITY,EQ,28015,19759,70.53
20,259,CENTENKA,EQ,19017,10056,52.88
20,260,CENTEXT,EQ,19499,16678,85.53
20,261,CENTRALBK,EQ,4757253,1362845,28.65
20,262,CENTRUM,EQ,358763,146978,40.97
20,263,CENTUM,EQ,2151,1342,62.39
20,264,CENTURYPLY,EQ,161351,80100,49.64
20,265,CENTURYTEX,EQ,1118280,92916,8.31
20,266,CERA,EQ,3570,2007,56.22
20,267,CEREBRAINT,EQ,1857315,1468435,79.06
20,268,CESC,EQ,512061,130014,25.39
20,269,CESCVENT,EQ,11989,8850,73.82
20,270,CGCL,EQ,369816,41556,11.24
20,271,CGPOWER,EQ,872586,552716,63.34
20,272,CHALET,EQ,11411,7156,62.71
20,273,CHAMBLFERT,EQ,295988,236395,79.87
20,274,CHEMFAB,EQ,2465,1918,77.81
20,275,CHENNPETRO,EQ,134444,85074,63.28
20,276,CHOLAFIN,EQ,1530490,449264,29.35
20,277,CHOLAHLDNG,EQ,264929,235450,88.87
20,278,CHROMATIC,EQ,14850,11851,79.80
20,279,CIGNITITEC,EQ,70036,52904,75.54
20,280,CIMMCO,EQ,30766,21749,70.69
20,281,CINELINE,EQ,5508,2908,52.80
20,282,CIPLA,EQ,5080106,1572025,30.94
20,283,CKPLEISURE,SM,32000,32000,100.00
20,284,CLEDUCATE,EQ,13889,3269,23.54
20,285,CLNINDIA,EQ,262032,125426,47.87
20,286,CMICABLES,EQ,4785,4765,99.58
20,287,CMMIPL,SM,6000,6000,100.00
20,288,CNOVAPETRO,EQ,512,362,70.70
20,289,COALINDIA,EQ,3836452,1835958,47.86
20,290,COCHINSHIP,EQ,175130,79217,45.23
20,291,COFFEEDAY,EQ,344981,339981,98.55
20,292,COLPAL,EQ,545676,319792,58.60
20,293,COMPINFO,EQ,208879,149112,71.39
20,294,COMPUSOFT,EQ,45660,33658,73.71
20,295,CONCOR,EQ,1313981,835860,63.61
20,296,CONFIPET,EQ,201375,124741,61.94
20,297,CONSOFINVT,EQ,5182,4649,89.71
20,298,CONTROLPR,EQ,10350,6743,65.15
20,299,CORALFINAC,EQ,3778,2132,56.43
20,300,CORDSCABLE,EQ,5214,2216,42.50
20,301,COROMANDEL,EQ,43968,31824,72.38
20,302,CORPBANK,EQ,11674234,3110617,26.65
20,303,COSMOFILMS,EQ,22253,16509,74.19
20,304,COUNCODOS,EQ,14383,9272,64.46
20,305,COX&KINGS,EQ,2392192,1642112,68.64
20,306,CPSEETF,EQ,1723015,1265151,73.43
20,307,CREATIVE,EQ,23202,7345,31.66
20,308,CREDITACC,EQ,358471,209394,58.41
20,309,CREST,EQ,2264,1702,75.18
20,310,CRISIL,EQ,13569,9373,69.08
20,311,CROMPTON,EQ,972977,830557,85.36
20,312,CTE,EQ,3480,2330,66.95
20,313,CUB,EQ,661461,408226,61.72
20,314,CUBEXTUB,EQ,722,550,76.18
20,315,CUMMINSIND,EQ,179194,61932,34.56
20,316,CUPID,EQ,120589,78428,65.04
20,317,CYBERTECH,EQ,24370,10213,41.91
20,318,CYIENT,EQ,42069,27155,64.55
20,319,DAAWAT,EQ,897987,624512,69.55
20,320,DABUR,EQ,1811882,1030090,56.85
20,321,DALBHARAT,EQ,96909,57643,59.48
20,322,DALMIASUG,EQ,121963,49188,40.33
20,323,DAMODARIND,EQ,6,2,33.33
20,324,DANGEE,SM,800,800,100.00
20,325,DATAMATICS,EQ,9370,5936,63.35
20,326,DBCORP,EQ,12340,6700,54.29
20,327,DBL,EQ,438283,122923,28.05
20,328,DBREALTY,EQ,588618,321790,54.67
20,329,DBSTOCKBRO,EQ,3002,3002,100.00
20,330,DCAL,EQ,2268115,1664898,73.40
20,331,DCBBANK,EQ,404974,226189,55.85
20,332,DCMNVL,EQ,1374,1342,97.67
20,333,DCMSHRIRAM,EQ,65195,24749,37.96
20,334,DCW,EQ,200037,162583,81.28
20,335,DECCANCE,EQ,14256,12442,87.28
20,336,DEEPAKFERT,EQ,329637,95834,29.07
20,337,DEEPAKNTR,EQ,134438,73153,54.41
20,338,DEEPIND,EQ,24317,14857,61.10
20,339,DELTACORP,EQ,5611570,1245172,22.19
20,340,DELTAMAGNT,EQ,578,401,69.38
20,341,DENORA,EQ,4820,2873,59.61
20,342,DFMFOODS,EQ,14421,11602,80.45
20,343,DGCONTENT,EQ,611707,574706,93.95
20,344,DHAMPURSUG,EQ,1181809,362049,30.64
20,345,DHANBANK,EQ,618934,318311,51.43
20,346,DHANUKA,EQ,19995,10429,52.16
20,347,DHFL,EQ,243850,243850,100.00
20,348,DHFL,N6,129,129,100.00
20,349,DHFL,NA,1,1,100.00
20,350,DHFL,NC,768,667,86.85
20,351,DHFL,NF,68,68,100.00
20,352,DHFL,NN,11,11,100.00
20,353,DHFL,NP,707,681,96.32
20,354,DHFL,NQ,162,146,90.12
20,355,DHFL,NS,60,50,83.33
20,356,DHFL,NX,495,495,100.00
20,357,DHUNINV,EQ,634,195,30.76
20,358,DIAMONDYD,EQ,2497,2369,94.87
20,359,DICIND,EQ,1324,881,66.54
20,360,DIGISPICE,EQ,1089,1086,99.72
20,361,DISHTV,EQ,51255315,7347211,14.33
20,362,DIVISLAB,EQ,385992,121228,31.41
20,363,DIXON,EQ,55600,28514,51.28
20,364,DLF,EQ,9625573,3285264,34.13
20,365,DLINKINDIA,EQ,54056,26963,49.88
20,366,DMART,EQ,635870,246243,38.73
20,367,DOLAT,EQ,157607,100606,63.83
20,368,DOLLAR,EQ,9852,5870,59.58
20,369,DONEAR,EQ,9891,8178,82.68
20,370,DPSCLTD,EQ,9172,7048,76.84
20,371,DREDGECORP,EQ,137875,37594,27.27
20,372,DRREDDY,EQ,476925,326458,68.45
20,373,DSSL,EQ,49813,28499,57.21
20,374,DTIL,EQ,4887,2948,60.32
20,375,DUCON,EQ,127276,113259,88.99
20,376,DVL,EQ,16245,14198,87.40
20,377,DWARKESH,EQ,377147,164397,43.59
20,378,DYNAMATECH,EQ,1577,1282,81.29
20,379,DYNPRO,EQ,45185,26707,59.11
20,380,E2E,SM,48000,36000,75.00
20,381,ECLERX,EQ,8946,6269,70.08
20,382,ECLFINANCE,N5,162,162,100.00
20,383,ECLFINANCE,NB,15,15,100.00
20,384,ECLFINANCE,NE,520,410,78.85
20,385,ECLFINANCE,NF,298,298,100.00
20,386,ECLFINANCE,NG,190,190,100.00
20,387,ECLFINANCE,NH,32,32,100.00
20,388,ECLFINANCE,NI,37,37,100.00
20,389,ECLFINANCE,NJ,27,27,100.00
20,390,ECLFINANCE,NK,50,50,100.00
20,391,ECLFINANCE,NM,808,688,85.15
20,392,ECLFINANCE,NN,142,142,100.00
20,393,ECLFINANCE,NO,86,86,100.00
20,394,ECLFINANCE,NQ,10,10,100.00
20,395,ECLFINANCE,NR,10267,10173,99.08
20,396,ECLFINANCE,NS,1017,1000,98.33
20,397,EDELWEISS,EQ,1486035,1024597,68.95
20,398,EHFLNCD,N3,118,118,100.00
20,399,EHFLNCD,N4,37,37,100.00
20,400,EICHERMOT,EQ,90606,25012,27.61
20,401,EIDPARRY,EQ,264342,181321,68.59
20,402,EIFFL,SM,12000,12000,100.00
20,403,EIHAHOTELS,EQ,7669,3291,42.91
20,404,EIHOTEL,EQ,93424,61640,65.98
20,405,EIMCOELECO,EQ,253,201,79.45
20,406,EKC,EQ,36205,20338,56.17
20,407,ELECON,EQ,33626,23619,70.24
20,408,ELECTCAST,EQ,440554,337240,76.55
20,409,ELECTHERM,EQ,3287,2004,60.97
20,410,ELGIEQUIP,EQ,4981,3572,71.71
20,411,ELGIRUBCO,EQ,2811,1775,63.14
20,412,EMAMILTD,EQ,129237,88962,68.84
20,413,EMAMIPAP,EQ,849,444,52.30
20,414,EMBASSY,RR,2706000,2689600,99.39
20,415,EMKAY,EQ,3157,1963,62.18
20,416,EMMBI,EQ,6438,4299,66.78
20,417,EMOFSR1RDP,MF,24351,21351,87.68
20,418,EMOFSR1RGG,MF,25685,25585,99.61
20,419,ENDURANCE,EQ,29273,14677,50.14
20,420,ENGINERSIN,EQ,1799214,1442890,80.20
20,421,ENIL,EQ,4877,2817,57.76
20,422,EON,EQ,7747,6043,78.00
20,423,EQUITAS,EQ,2720080,879143,32.32
20,424,ERFLNCDI,N1,1,1,100.00
20,425,ERFLNCDI,N3,2,0,0.00
20,426,ERFLNCDI,N6,929,600,64.59
20,427,ERIS,EQ,192413,123370,64.12
20,428,ESABINDIA,EQ,3378,2335,69.12
20,429,ESCORTS,EQ,1478836,161579,10.93
20,430,ESSELPACK,EQ,1438606,1005454,69.89
20,431,EUROTEXIND,EQ,18,18,100.00
20,432,EVEREADY,EQ,64398,53025,82.34
20,433,EVERESTIND,EQ,11165,6736,60.33
20,434,EXCELINDUS,EQ,5797,3879,66.91
20,435,EXIDEIND,EQ,1594984,314511,19.72
20,436,EXPLEOSOL,EQ,8668,8203,94.64
20,437,FACT,EQ,56013,38436,68.62
20,438,FAIRCHEM,EQ,13974,11069,79.21
20,439,FCL,EQ,107270,64201,59.85
20,440,FCONSUMER,EQ,755536,401757,53.18
20,441,FCSSOFT,EQ,580146,348047,59.99
20,442,FDC,EQ,560923,280092,49.93
20,443,FEDERALBNK,EQ,9710235,2102502,21.65
20,444,FEL,EQ,78835,58853,74.65
20,445,FELDVR,EQ,1759,878,49.91
20,446,FIEMIND,EQ,19807,12539,63.31
20,447,FILATEX,EQ,82083,73317,89.32
20,448,FINCABLES,EQ,22621,12574,55.59
20,449,FINEORG,EQ,17483,8362,47.83
20,450,FINPIPE,EQ,17560,11148,63.49
20,451,FLEXITUFF,EQ,35910,35910,100.00
20,452,FLFL,EQ,718364,695910,96.87
20,453,FLUOROCHEM,EQ,40428,29443,72.83
20,454,FMGOETZE,EQ,3804,3297,86.67
20,455,FMNL,EQ,3773,3340,88.52
20,456,FOCUS,SM,12000,12000,100.00
20,457,FORCEMOT,EQ,27480,10426,37.94
20,458,FORTIS,EQ,1790374,975184,54.47
20,459,FOSECOIND,EQ,353,156,44.19
20,460,FOURTHDIM,SM,1000,1000,100.00
20,461,FRETAIL,EQ,284958,190186,66.74
20,462,FSC,EQ,1574,1102,70.01
20,463,FSL,EQ,992822,429954,43.31
20,464,GABRIEL,EQ,514170,117325,22.82
20,465,GAEL,EQ,119378,50128,41.99
20,466,GAIL,EQ,7848669,2936257,37.41
20,467,GAL,EQ,20827,20572,98.78
20,468,GALAXYSURF,EQ,12925,8527,65.97
20,469,GALLANTT,EQ,8566,6312,73.69
20,470,GALLISPAT,EQ,10494,6119,58.31
20,471,GAMMNINFRA,EQ,820164,806184,98.30
20,472,GANDHITUBE,EQ,762,597,78.35
20,473,GANECOS,EQ,1621,1224,75.51
20,474,GANESHHOUC,EQ,37071,32001,86.32
20,475,GANGESSECU,EQ,582,465,79.90
20,476,GARDENSILK,EQ,12303,10577,85.97
20,477,GARFIBRES,EQ,2131,1730,81.18
20,478,GATI,EQ,241051,141013,58.50
20,479,GAYAPROJ,EQ,1397313,1225403,87.70
20,480,GDL,EQ,254718,175482,68.89
20,481,GEECEE,EQ,1148,972,84.67
20,482,GENESYS,EQ,5990,4086,68.21
20,483,GENUSPAPER,EQ,62628,42294,67.53
20,484,GENUSPOWER,EQ,108430,73252,67.56
20,485,GEOJITFSL,EQ,208314,124116,59.58
20,486,GEPIL,EQ,14660,13264,90.48
20,487,GESHIP,EQ,48608,42132,86.68
20,488,GET&D,EQ,20086,9447,47.03
20,489,GFLLIMITED,EQ,106420,89346,83.96
20,490,GHCL,EQ,40125,23812,59.34
20,491,GICHSGFIN,EQ,275191,58442,21.24
20,492,GICRE,EQ,995190,208838,20.98
20,493,GILLANDERS,EQ,1496,1040,69.52
20,494,GILLETTE,EQ,3172,1990,62.74
20,495,GINNIFILA,EQ,9791,7833,80.00
20,496,GIPCL,EQ,44571,34860,78.21
20,497,GKWLIMITED,EQ,21,17,80.95
20,498,GLAXO,EQ,58324,39147,67.12
20,499,GLENMARK,EQ,21121761,2200266,10.42
20,500,GLOBALVECT,EQ,3097,1981,63.97
20,501,GLOBUSSPR,EQ,81541,32304,39.62
20,502,GMBREW,EQ,24460,11681,47.76
20,503,GMDCLTD,EQ,79549,54407,68.39
20,504,GMMPFAUDLR,EQ,17553,8443,48.10
20,505,GMRINFRA,EQ,19423830,5726010,29.48
20,506,GNA,EQ,43165,24339,56.39
20,507,GNFC,EQ,154033,62928,40.85
20,508,GOCLCORP,EQ,1684,1368,81.24
20,509,GODFRYPHLP,EQ,238071,47892,20.12
20,510,GODREJAGRO,EQ,25556,17335,67.83
20,511,GODREJCP,EQ,338202,169468,50.11
20,512,GODREJIND,EQ,90474,34923,38.60
20,513,GODREJPROP,EQ,176417,91878,52.08
20,514,GOKEX,EQ,115129,78889,68.52
20,515,GOKUL,EQ,961,577,60.04
20,516,GOKULAGRO,EQ,4082,4000,97.99
20,517,GOLDBEES,EQ,11396,6892,60.48
20,518,GOLDIAM,EQ,53433,42350,79.26
20,519,GOLDSHARE,EQ,928,742,79.96
20,520,GOLDTECH,EQ,10269,6817,66.38
20,521,GOODLUCK,EQ,9464,6810,71.96
20,522,GPIL,EQ,22324,12037,53.92
20,523,GPPL,EQ,67964,45305,66.66
20,524,GPTINFRA,EQ,882,604,68.48
20,525,GRANULES,EQ,1233934,693475,56.20
20,526,GRAPHITE,EQ,1015459,382742,37.69
20,527,GRASIM,EQ,3857258,893022,23.15
20,528,GRAVITA,EQ,51701,36702,70.99
20,529,GREAVESCOT,EQ,310824,147244,47.37
20,530,GREENLAM,EQ,2880,1871,64.97
20,531,GREENPANEL,EQ,222630,203612,91.46
20,532,GREENPLY,EQ,28562,15088,52.83
20,533,GREENPOWER,EQ,86091,86091,100.00
20,534,GRINDWELL,EQ,6009,3012,50.12
20,535,GROBTEA,EQ,109,105,96.33
20,536,GRPLTD,EQ,310,257,82.90
20,537,GRSE,EQ,190171,87743,46.14
20,538,GSCLCEMENT,EQ,81351,37027,45.52
20,539,GSFC,EQ,191710,97658,50.94
20,540,GSKCONS,EQ,33704,26291,78.01
20,541,GSPL,EQ,256875,213111,82.96
20,542,GSS,EQ,7676,6893,89.80
20,543,GTL,EQ,46540,46262,99.40
20,544,GTLINFRA,EQ,2872468,2726983,94.94
20,545,GTNIND,EQ,6273,5053,80.55
20,546,GTNTEX,EQ,722,722,100.00
20,547,GTPL,EQ,26394,21036,79.70
20,548,GUFICBIO,EQ,16630,11539,69.39
20,549,GUJALKALI,EQ,19476,10026,51.48
20,550,GUJAPOLLO,EQ,10337,7288,70.50
20,551,GUJGASLTD,EQ,358622,213517,59.54
20,552,GULFOILLUB,EQ,2771,2381,85.93
20,553,GULFPETRO,EQ,22360,14624,65.40
20,554,GVKPIL,EQ,1055677,647177,61.30
20,555,HAL,EQ,11590,5756,49.66
20,556,HARITASEAT,EQ,3793,3343,88.14
20,557,HARRMALAYA,EQ,27608,14976,54.25
20,558,HATHWAY,EQ,151360,83722,55.31
20,559,HATSUN,EQ,8069,5647,69.98
20,560,HAVELLS,EQ,717667,223749,31.18
20,561,HBLPOWER,EQ,228760,166149,72.63
20,562,HCC,EQ,1831099,1224123,66.85
20,563,HCG,EQ,147721,146686,99.30
20,564,HCL-INSYS,EQ,4116886,1912700,46.46
20,565,HCLTECH,EQ,1182510,827310,69.96
20,566,HDFC,EQ,2916866,1952597,66.94
20,567,HDFCAMC,EQ,827673,309508,37.39
20,568,HDFCBANK,EQ,5285289,3543343,67.04
20,569,HDFCLIFE,EQ,3791275,2288913,60.37
20,570,HDFCMFGETF,EQ,1070,630,58.88
20,571,HDFCNIFETF,EQ,1264,1260,99.68
20,572,HDFCSENETF,EQ,69,59,85.51
20,573,HDIL,EQ,2774235,2203883,79.44
20,574,HEG,EQ,288547,102192,35.42
20,575,HEIDELBERG,EQ,156469,94200,60.20
20,576,HEOF1126RG,MF,1000,1000,100.00
20,577,HERCULES,EQ,6186,5337,86.28
20,578,HERITGFOOD,EQ,23536,14084,59.84
20,579,HEROMOTOCO,EQ,1011599,448419,44.33
20,580,HESTERBIO,EQ,1965,1280,65.14
20,581,HEXAWARE,EQ,553397,139608,25.23
20,582,HFCL,EQ,1321067,684920,51.85
20,583,HGINFRA,EQ,130869,49616,37.91
20,584,HGS,EQ,1623,842,51.88
20,585,HHOF1140RG,MF,11315,11315,100.00
20,586,HIKAL,EQ,104156,64714,62.13
20,587,HIL,EQ,20395,8915,43.71
20,588,HILTON,EQ,31206,23044,73.84
20,589,HIMATSEIDE,EQ,62080,35413,57.04
20,590,HINDALCO,EQ,3476640,748684,21.53
20,591,HINDCOMPOS,EQ,625,447,71.52
20,592,HINDCOPPER,EQ,1207900,463352,38.36
20,593,HINDMOTORS,EQ,57427,34615,60.28
20,594,HINDNATGLS,EQ,1029,936,90.96
20,595,HINDOILEXP,EQ,110815,51347,46.34
20,596,HINDPETRO,EQ,2036661,655681,32.19
20,597,HINDUNILVR,EQ,1413218,1028850,72.80
20,598,HINDZINC,EQ,936387,533933,57.02
20,599,HIRECT,EQ,68804,22249,32.34
20,600,HISARMETAL,EQ,11718,6853,58.48
20,601,HITECH,EQ,3400,1782,52.41
20,602,HITECHCORP,EQ,1900,1628,85.68
20,603,HITECHGEAR,EQ,3028,2903,95.87
20,604,HMVL,EQ,4659,3489,74.89
20,605,HNGSNGBEES,EQ,11,8,72.73
20,606,HONAUT,EQ,401,244,60.85
20,607,HONDAPOWER,EQ,9615,6049,62.91
20,608,HOTELEELA,EQ,79380,45689,57.56
20,609,HOVS,EQ,9306,7242,77.82
20,610,HPL,EQ,26951,11208,41.59
20,611,HSCL,EQ,286408,183515,64.07
20,612,HSIL,EQ,65690,45421,69.14
20,613,HTMEDIA,EQ,147441,117368,79.60
20,614,HUBTOWN,EQ,242797,177251,73.00
20,615,HUDCO,EQ,1179124,397844,33.74
20,616,HUDCO,N2,172,172,100.00
20,617,HUDCO,N3,4539,4029,88.76
20,618,HUDCO,N5,1200,1150,95.83
20,619,HUDCO,N8,2,2,100.00
20,620,HUDCO,N9,603,503,83.42
20,621,HUDCO,ND,136,116,85.29
20,622,HUDCO,NE,210,200,95.24
20,623,IBMFNIFTY,EQ,748,374,50.00
20,624,IBREALEST,EQ,2308808,1189212,51.51
20,625,IBULHSGFIN,EQ,28626369,2547927,8.90
20,626,IBULHSGFIN,N6,1,1,100.00
20,627,IBULHSGFIN,N8,130,130,100.00
20,628,IBULHSGFIN,NA,26,26,100.00
20,629,IBULISL,EQ,19327,19327,100.00
20,630,IBVENTURES,E3,42833,24319,56.78
20,631,IBVENTURES,EQ,336249,183276,54.51
20,632,ICFL,N2,50,50,100.00
20,633,ICFL,N3,52,52,100.00
20,634,ICFL,N6,3,3,100.00
20,635,ICFL,N8,3,3,100.00
20,636,ICFL,N9,11,11,100.00
20,637,ICFL,NF,10,10,100.00
20,638,ICFL,NI,10,10,100.00
20,639,ICICI500,EQ,104675,40220,38.42
20,640,ICICIB22,EQ,309887,240956,77.76
20,641,ICICIBANK,EQ,27939336,15122061,54.12
20,642,ICICIBANKN,EQ,4500,4333,96.29
20,643,ICICIBANKP,EQ,8968,8691,96.91
20,644,ICICIGI,EQ,391226,274908,70.27
20,645,ICICIGOLD,EQ,41105,12323,29.98
20,646,ICICILIQ,EQ,17710,11649,65.78
20,647,ICICILOVOL,EQ,1693,1677,99.05
20,648,ICICIMCAP,EQ,18799,18739,99.68
20,649,ICICINF100,EQ,1123,895,79.70
20,650,ICICINIFTY,EQ,56435,23651,41.91
20,651,ICICINV20,EQ,3434,3368,98.08
20,652,ICICINXT50,EQ,23149,22709,98.10
20,653,ICICIPRULI,EQ,3448412,2417430,70.10
20,654,ICICISENSX,EQ,387,348,89.92
20,655,ICIL,EQ,119553,84755,70.89
20,656,ICRA,EQ,5245,5141,98.02
20,657,IDBI,EQ,8027626,1568061,19.53
20,658,IDBIGOLD,EQ,2335,2000,85.65
20,659,IDEA,EQ,1030107961,354415006,34.41
20,660,IDFC,EQ,993395,484309,48.75
20,661,IDFCFIRSTB,EQ,9460952,3118456,32.96
20,662,IDFCFIRSTB,N1,9,9,100.00
20,663,IDFCFIRSTB,N2,8,4,50.00
20,664,IDFCFIRSTB,N4,4,4,100.00
20,665,IDFCFIRSTB,NB,32,20,62.50
20,666,IDFCFIRSTB,NC,16,14,87.50
20,667,IDFNIFTYET,EQ,140,139,99.29
20,668,IEX,EQ,581239,555020,95.49
20,669,IFBAGRO,EQ,3523,1910,54.22
20,670,IFBIND,EQ,13102,6661,50.84
20,671,IFCI,EQ,6142010,2724092,44.35
20,672,IFCI,NE,554,554,100.00
20,673,IFCI,NF,283,283,100.00
20,674,IFCI,NH,905,905,100.00
20,675,IFCI,NL,660,533,80.76
20,676,IFCI,NM,54,54,100.00
20,677,IFGLEXPOR,EQ,610,504,82.62
20,678,IGARASHI,EQ,38726,16992,43.88
20,679,IGL,EQ,1143712,642563,56.18
20,680,IGPL,EQ,7997,4122,51.54
20,681,IIFCL,N4,40,30,75.00
20,682,IIFL,EQ,296563,219301,73.95
20,683,IIFLFIN,ND,190,190,100.00
20,684,IIFLFIN,NF,1241,1119,90.17
20,685,IIFLFIN,NG,530,515,97.17
20,686,IIFLFIN,NJ,310,310,100.00
20,687,IIFLSEC,EQ,195335,182162,93.26
20,688,IIFLWAM,EQ,5774,5075,87.89
20,689,IIHFL,N2,288,278,96.53
20,690,IMFA,EQ,9086,6821,75.07
20,691,IMPAL,EQ,3742,3263,87.20
20,692,INDBANK,EQ,144652,65914,45.57
20,693,INDHOTEL,EQ,1377273,930405,67.55
20,694,INDIACEM,EQ,918784,406565,44.25
20,695,INDIAGLYCO,EQ,37673,19226,51.03
20,696,INDIAMART,EQ,91626,36502,39.84
20,697,INDIANB,EQ,5551346,1398642,25.19
20,698,INDIANHUME,EQ,40642,23293,57.31
20,699,INDIGO,EQ,1131505,247785,21.90
20,700,INDIGRID,IV,188811,188811,100.00
20,701,INDLMETER,EQ,5051,4404,87.19
20,702,INDNIPPON,EQ,1331,726,54.55
20,703,INDOCO,EQ,14472,11424,78.94
20,704,INDORAMA,EQ,7688,5543,72.10
20,705,INDOSTAR,EQ,40122,23997,59.81
20,706,INDOTECH,EQ,86695,17400,20.07
20,707,INDOTHAI,EQ,3467,1829,52.75
20,708,INDOWIND,EQ,18876,15379,81.47
20,709,INDRAMEDCO,EQ,242768,142200,58.57
20,710,INDSWFTLTD,EQ,20879,17469,83.67
20,711,INDTERRAIN,EQ,19777,19585,99.03
20,712,INDUSINDBK,EQ,4880427,2247051,46.04
20,713,INEOSSTYRO,EQ,4535,3808,83.97
20,714,INFIBEAM,EQ,1128846,277070,24.54
20,715,INFOBEAN,EQ,5878,5375,91.44
20,716,INFRABEES,EQ,1135,1104,97.27
20,717,INFRATEL,EQ,25783702,2442603,9.47
20,718,INFY,EQ,6495885,3654389,56.26
20,719,INGERRAND,EQ,16314,10230,62.71
20,720,INNOVANA,SM,3600,3600,100.00
20,721,INNOVATIVE,SM,6000,6000,100.00
20,722,INOXLEISUR,EQ,98424,54012,54.88
20,723,INOXWIND,EQ,21609,14841,68.68
20,724,INSECTICID,EQ,5617,3451,61.44
20,725,INSPIRISYS,EQ,6792,6691,98.51
20,726,INTELLECT,EQ,417657,145094,34.74
20,727,INTENTECH,EQ,283,257,90.81
20,728,INVENTURE,EQ,22679,3007,13.26
20,729,IOB,EQ,4143641,1642324,39.63
20,730,IOC,EQ,5956180,2710275,45.50
20,731,IOLCP,EQ,276479,114560,41.44
20,732,IPAPPM,EQ,10497,6125,58.35
20,733,IPCALAB,EQ,212818,81444,38.27
20,734,IRB,EQ,391338,132073,33.75
20,735,IRBINVIT,IV,250000,247500,99.00
20,736,IRCON,EQ,297970,140212,47.06
20,737,IRCTC,EQ,1104593,349583,31.65
20,738,IREDA,N4,168,168,100.00
20,739,IREDA,N7,75,75,100.00
20,740,IRFC,N1,1520,1470,96.71
20,741,IRFC,N2,2315,1875,80.99
20,742,IRFC,N3,600,600,100.00
20,743,IRFC,N9,198,198,100.00
20,744,IRFC,NA,486,475,97.74
20,745,IRFC,NG,50,50,100.00
20,746,IRFC,NI,10,10,100.00
20,747,IRFC,NJ,1,1,100.00
20,748,IRFC,NK,183,183,100.00
20,749,IRFC,NO,550,410,74.55
20,750,IRISDOREME,SM,1600,1600,100.00
20,751,ISEC,EQ,79119,48468,61.26
20,752,ISMTLTD,EQ,85237,55302,64.88
20,753,ITC,EQ,12152981,8845459,72.78
20,754,ITDC,EQ,487565,128948,26.45
20,755,ITDCEM,EQ,207588,118955,57.30
20,756,ITI,EQ,442258,125529,28.38
20,757,IVC,EQ,142266,106504,74.86
20,758,IVP,EQ,1083,1004,92.71
20,759,IVZINGOLD,EQ,16,15,93.75
20,760,IZMO,EQ,22408,16783,74.90
20,761,JAGRAN,EQ,2527510,2296385,90.86
20,762,JAGSNPHARM,EQ,11342,7554,66.60
20,763,JAIBALAJI,EQ,5864,3211,54.76
20,764,JAICORPLTD,EQ,1492262,269064,18.03
20,765,JAMNAAUTO,EQ,476743,283196,59.40
20,766,JASH,EQ,5133,4447,86.64
20,767,JAYAGROGN,EQ,4458,3231,72.48
20,768,JAYBARMARU,EQ,292854,27126,9.26
20,769,JAYNECOIND,EQ,44532,39818,89.41
20,770,JAYSREETEA,EQ,35916,12886,35.88
20,771,JBCHEPHARM,EQ,86640,76150,87.89
20,772,JBFIND,EQ,59112,49591,83.89
20,773,JBMA,EQ,23650,9485,40.11
20,774,JCHAC,EQ,4847,2767,57.09
20,775,JETKNIT,SM,4500,4500,100.00
20,776,JHS,EQ,29695,22025,74.17
20,777,JINDALPOLY,EQ,10046,7011,69.79
20,778,JINDALSAW,EQ,393783,136708,34.72
20,779,JINDALSTEL,EQ,16029300,2181087,13.61
20,780,JINDRILL,EQ,9689,5713,58.96
20,781,JINDWORLD,EQ,158320,51030,32.23
20,782,JISLDVREQS,EQ,41334,33593,81.27
20,783,JISLJALEQS,EQ,4387487,2554584,58.22
20,784,JIYAECO,EQ,158856,107933,67.94
20,785,J&KBANK,EQ,2380660,809822,34.02
20,786,JKCEMENT,EQ,25933,20958,80.82
20,787,JKIL,EQ,302859,182491,60.26
20,788,JKLAKSHMI,EQ,206686,171962,83.20
20,789,JKPAPER,EQ,380267,174642,45.93
20,790,JKTYRE,EQ,618199,335329,54.24
20,791,JMA,EQ,2262,2138,94.52
20,792,JMCPROJECT,EQ,166947,150805,90.33
20,793,JMFINANCIL,EQ,242465,148187,61.12
20,794,JMTAUTOLTD,EQ,79860,79689,99.79
20,795,JOCIL,EQ,2196,2061,93.85
20,796,JPASSOCIAT,EQ,2348577,1284912,54.71
20,797,JPINFRATEC,EQ,2335041,1421464,60.88
20,798,JPOLYINVST,EQ,4454,2454,55.10
20,799,JPPOWER,EQ,1049166,789475,75.25
20,800,JSL,EQ,675092,351118,52.01
20,801,JSLHISAR,EQ,151691,73898,48.72
20,802,JSWENERGY,EQ,277187,140816,50.80
20,803,JSWHL,EQ,4188,3559,84.98
20,804,JSWSTEEL,EQ,4461546,831374,18.63
20,805,JSWSTEEL,P2,18954,13036,68.78
20,806,JTEKTINDIA,EQ,43829,28922,65.99
20,807,JUBILANT,EQ,178772,53371,29.85
20,808,JUBLFOOD,EQ,527920,131086,24.83
20,809,JUBLINDS,EQ,16816,8366,49.75
20,810,JUMPNET,EQ,932087,723321,77.60
20,811,JUNIORBEES,EQ,123696,101322,81.91
20,812,JUSTDIAL,EQ,7226419,815705,11.29
20,813,JYOTHYLAB,EQ,208869,130445,62.45
20,814,KABRAEXTRU,EQ,6014,3929,65.33
20,815,KAJARIACER,EQ,151396,78891,52.11
20,816,KAKATCEM,EQ,2232,1166,52.24
20,817,KALPATPOWR,EQ,80008,69103,86.37
20,818,KAMATHOTEL,EQ,21375,13244,61.96
20,819,KAMDHENU,EQ,5760,3966,68.85
20,820,KANANIIND,EQ,4830,4322,89.48
20,821,KANORICHEM,EQ,13536,9807,72.45
20,822,KANSAINER,EQ,48936,23473,47.97
20,823,KARDA,EQ,20295,9700,47.80
20,824,KARMAENG,EQ,14458,5988,41.42
20,825,KARURVYSYA,EQ,475542,320054,67.30
20,826,KAYA,EQ,3286,1964,59.77
20,827,KCP,EQ,40928,31831,77.77
20,828,KCPSUGIND,EQ,74074,54562,73.66
20,829,KDDL,EQ,951,432,45.43
20,830,KEC,EQ,112461,49410,43.94
20,831,KEI,EQ,129187,102647,79.46
20,832,KELLTONTEC,EQ,81803,52964,64.75
20,833,KENNAMET,EQ,14560,9645,66.24
20,834,KESARENT,EQ,5212,3024,58.02
20,835,KESORAMIND,EQ,175770,63804,36.30
20,836,KHADIM,EQ,21108,13144,62.27
20,837,KICL,EQ,652,411,63.04
20,838,KILITCH,EQ,4306,2519,58.50
20,839,KINGFA,EQ,4173,3461,82.94
20,840,KIOCL,EQ,9959,6876,69.04
20,841,KIRIINDUS,EQ,123808,69725,56.32
20,842,KIRLFER,EQ,14665,13525,92.23
20,843,KIRLOSBROS,EQ,30947,18180,58.75
20,844,KIRLOSENG,EQ,12638,6345,50.21
20,845,KIRLOSIND,EQ,286,111,38.81
20,846,KITEX,EQ,58205,27329,46.95
20,847,KKCL,EQ,631,235,37.24
20,848,KMSUGAR,EQ,48978,36563,74.65
20,849,KNRCON,EQ,78530,53695,68.38
20,850,KOKUYOCMLN,EQ,10059,6565,65.26
20,851,KOLTEPATIL,EQ,29820,17350,58.18
20,852,KOPRAN,EQ,22446,17448,77.73
20,853,KOTAKBANK,EQ,1596482,928269,58.14
20,854,KOTAKBKETF,EQ,50947,6510,12.78
20,855,KOTAKGOLD,EQ,19782,15700,79.37
20,856,KOTAKNIFTY,EQ,56442,53356,94.53
20,857,KOTAKNV20,EQ,7684,5057,65.81
20,858,KOTAKPSUBK,EQ,35528,19286,54.28
20,859,KOTARISUG,EQ,3633,2883,79.36
20,860,KOTHARIPET,EQ,15291,11763,76.93
20,861,KOTHARIPRO,EQ,1730,1450,83.82
20,862,KPITTECH,EQ,519976,435105,83.68
20,863,KPRMILL,EQ,9474,5928,62.57
20,864,KRBL,EQ,77876,41407,53.17
20,865,KREBSBIO,EQ,489,463,94.68
20,866,KRIDHANINF,EQ,90111,83914,93.12
20,867,KRISHANA,EQ,2435,2210,90.76
20,868,KRITIKA,SM,24000,24000,100.00
20,869,KSB,EQ,3028,1703,56.24
20,870,KSCL,EQ,106969,59399,55.53
20,871,KSK,EQ,764346,609981,79.80
20,872,KSL,EQ,102050,67454,66.10
20,873,KTIL,EQ,6040,3749,62.07
20,874,KTKBANK,EQ,1327898,520544,39.20
20,875,KUANTUM,EQ,329,197,59.88
20,876,LAGNAM,SM,9000,9000,100.00
20,877,LAKSHVILAS,EQ,1843924,1310202,71.06
20,878,LALPATHLAB,EQ,229752,82181,35.77
20,879,LAMBODHARA,EQ,6638,5298,79.81
20,880,LAOPALA,EQ,28544,22080,77.35
20,881,LAURUSLABS,EQ,40191,26116,64.98
20,882,LAXMIMACH,EQ,11958,5419,45.32
20,883,LEMONTREE,EQ,6950980,6304002,90.69
20,884,LEXUS,SM,2000,2000,100.00
20,885,LGBBROSLTD,EQ,5718,4687,81.97
20,886,LGBFORGE,EQ,35022,31409,89.68
20,887,LIBERTSHOE,EQ,98431,25212,25.61
20,888,LICHSGFIN,EQ,2760600,653787,23.68
20,889,LICNETFGSC,EQ,31632,6057,19.15
20,890,LICNETFN50,EQ,19,16,84.21
20,891,LINCOLN,EQ,119260,45765,38.37
20,892,LINCPEN,EQ,1534,1293,84.29
20,893,LINDEINDIA,EQ,280301,104728,37.36
20,894,LIQUIDBEES,EQ,666752,537856,80.67
20,895,LIQUIDETF,EQ,6683,4658,69.70
20,896,LOKESHMACH,EQ,12248,11614,94.82
20,897,LOTUSEYE,EQ,800,798,99.75
20,898,LOVABLE,EQ,2438,1867,76.58
20,899,LSIL,EQ,1476136,1089396,73.80
20,900,LT,EQ,2396206,1330120,55.51
20,901,L&TFH,EQ,12689331,1934425,15.24
20,902,L&TFINANCE,NC,4,4,100.00
20,903,L&TFINANCE,NK,5,5,100.00
20,904,L&TFINANCE,NO,16,16,100.00
20,905,L&TFINANCE,NQ,28,28,100.00
20,906,L&TFINANCE,NW,9,9,100.00
20,907,LTI,EQ,66851,50522,75.57
20,908,L&TINFRA,N2,3,3,100.00
20,909,L&TINFRA,N3,2793,2793,100.00
20,910,L&TINFRA,N4,130,120,92.31
20,911,L&TINFRA,N5,50,50,100.00
20,912,L&TINFRA,N6,504,435,86.31
20,913,LTMFEOF2R,MF,1000,1000,100.00
20,914,LTTS,EQ,198532,154918,78.03
20,915,LUMAXIND,EQ,1031,696,67.51
20,916,LUMAXTECH,EQ,13705,10248,74.78
20,917,LUPIN,EQ,888623,254399,28.63
20,918,LUXIND,EQ,59491,11780,19.80
20,919,LYKALABS,EQ,4317,3757,87.03
20,920,LYPSAGEMS,EQ,7452,7430,99.70
20,921,M100,EQ,37567,33557,89.33
20,922,M15RG,MF,1000,1000,100.00
20,923,M17RG,MF,1000,1000,100.00
20,924,M50,EQ,1623,1103,67.96
20,925,MAANALU,EQ,2114,1308,61.87
20,926,MACPOWER,SM,5500,5000,90.91
20,927,MADHAV,EQ,2598,1552,59.74
20,928,MADHUCON,EQ,5003,5003,100.00
20,929,MADRASFERT,EQ,82013,50363,61.41
20,930,MAGADSUGAR,EQ,18427,12398,67.28
20,931,MAGMA,EQ,401115,318024,79.28
20,932,MAHABANK,EQ,3778918,1374819,36.38
20,933,MAHASTEEL,EQ,3329,2392,71.85
20,934,MAHESHWARI,EQ,31241,12187,39.01
20,935,MAHINDCIE,EQ,342812,81284,23.71
20,936,MAHLIFE,EQ,28094,23601,84.01
20,937,MAHLOG,EQ,10339,6409,61.99
20,938,MAHSCOOTER,EQ,3706,2560,69.08
20,939,MAHSEAMLES,EQ,78910,62225,78.86
20,940,MAITHANALL,EQ,28014,17523,62.55
20,941,MAJESCO,EQ,13437,7893,58.74
20,942,MALUPAPER,EQ,9453,7902,83.59
20,943,MAN50ETF,EQ,2239,2069,92.41
20,944,MANAKALUCO,EQ,22779,13173,57.83
20,945,MANAKCOAT,EQ,4548,3544,77.92
20,946,MANAKSIA,EQ,75883,63393,83.54
20,947,MANAKSTEEL,EQ,15124,11869,78.48
20,948,MANALIPETC,EQ,107589,74725,69.45
20,949,MANAPPURAM,EQ,5046304,1173512,23.25
20,950,MANGCHEFER,EQ,16044,14095,87.85
20,951,MANGLMCEM,EQ,4529,2914,64.34
20,952,MANINDS,EQ,14051,8430,60.00
20,953,MANINFRA,EQ,25024,18969,75.80
20,954,MANUGRAPH,EQ,1269,1204,94.88
20,955,MARALOVER,EQ,14248,14017,98.38
20,956,MARATHON,EQ,4335,3507,80.90
20,957,MARICO,EQ,1446730,782351,54.08
20,958,MARINE,SM,10000,4000,40.00
20,959,MARKSANS,EQ,665642,271950,40.86
20,960,MARSHALL,SM,18000,9000,50.00
20,961,MARUTI,EQ,755114,247077,32.72
20,962,MASFIN,EQ,5784,3228,55.81
20,963,MASTEK,EQ,24230,15369,63.43
20,964,MATRIMONY,EQ,4761,2512,52.76
20,965,MAWANASUG,EQ,439717,171563,39.02
20,966,MAXINDIA,EQ,263717,177790,67.42
20,967,MAXVIL,EQ,54672,40534,74.14
20,968,MAYURUNIQ,EQ,8901,6652,74.73
20,969,MAZDA,EQ,15354,7591,49.44
20,970,MBAPL,EQ,441,261,59.18
20,971,MC1RG,MF,250,250,100.00
20,972,MCDHOLDING,EQ,18803,9634,51.24
20,973,MCDOWELL-N,EQ,851204,407720,47.90
20,974,MCL,SM,163200,130800,80.15
20,975,MCLEODRUSS,EQ,507468,383137,75.50
20,976,MCX,EQ,753584,189624,25.16
20,977,MDL,SM,4000,2000,50.00
20,978,MEGASOFT,EQ,14191,8489,59.82
20,979,MEGH,EQ,342121,183083,53.51
20,980,MENONBE,EQ,7751,3729,48.11
20,981,MEP,EQ,27084,17572,64.88
20,982,METROPOLIS,EQ,49588,34563,69.70
20,983,MFSL,EQ,1621918,523330,32.27
20,984,MGL,EQ,1378938,360677,26.16
20,985,MHRIL,EQ,17048,9068,53.19
20,986,MIDHANI,EQ,394554,149642,37.93
20,987,MILTON,SM,4400,4400,100.00
20,988,MINDACORP,EQ,149415,86104,57.63
20,989,MINDAIND,EQ,74748,35956,48.10
20,990,MINDTECK,EQ,1276,820,64.26
20,991,MINDTREE,EQ,248365,133837,53.89
20,992,MIRCELECTR,EQ,138415,104259,75.32
20,993,MIRZAINT,EQ,71793,45078,62.79
20,994,M&M,EQ,3208662,1494339,46.57
20,995,M&MFIN,EQ,1588033,433615,27.31
20,996,M&MFIN,N2,50,50,100.00
20,997,MMFL,EQ,1623,820,50.52
20,998,MMP,SM,1800,1800,100.00
20,999,MMTC,EQ,1064559,436274,40.98
20,1000,MOHITIND,EQ,3155,3150,99.84
20,1001,MOHOTAIND,EQ,14733,12439,84.43
20,1002,MOIL,EQ,158411,104756,66.13
20,1003,MOLDTECH,EQ,8267,7713,93.30
20,1004,MOLDTKPAC,EQ,8054,5867,72.85
20,1005,MONTECARLO,EQ,8622,3770,43.73
20,1006,MORARJEE,EQ,2042,1696,83.06
20,1007,MOREPENLAB,EQ,268087,160872,60.01
20,1008,MOTHERSUMI,EQ,9098406,4681803,51.46
20,1009,MOTILALOFS,EQ,185750,140793,75.80
20,1010,MOTOGENFIN,EQ,102,102,100.00
20,1011,MPHASIS,EQ,107320,74767,69.67
20,1012,MPSLTD,EQ,5520,3698,66.99
20,1013,MRF,EQ,2672,660,24.70
20,1014,MRPL,EQ,166601,79414,47.67
20,1015,MSPL,EQ,4260,4010,94.13
20,1016,MSTCLTD,EQ,282832,110285,38.99
20,1017,MTEDUCARE,EQ,114743,99616,86.82
20,1018,MUKANDENGG,EQ,16222,13222,81.51
20,1019,MUKANDLTD,EQ,9598,6848,71.35
20,1020,MUKTAARTS,EQ,8899,3816,42.88
20,1021,MUNJALAU,EQ,336391,127337,37.85
20,1022,MUNJALSHOW,EQ,25020,20669,82.61
20,1023,MURUDCERA,EQ,58628,39894,68.05
20,1024,MUTHOOTCAP,EQ,10134,4894,48.29
20,1025,MUTHOOTFIN,EQ,2592903,834796,32.20
20,1026,N100,EQ,4356,3861,88.64
20,1027,NABARD,N1,100,100,100.00
20,1028,NABARD,N2,600,500,83.33
20,1029,NACLIND,EQ,48565,45264,93.20
20,1030,NAGREEKEXP,EQ,2956,2394,80.99
20,1031,NAHARCAP,EQ,4882,4079,83.55
20,1032,NAHARINDUS,EQ,4673,2555,54.68
20,1033,NAHARPOLY,EQ,2308,2273,98.48
20,1034,NAHARSPING,EQ,5840,4497,77.00
20,1035,NANDANI,SM,20000,15000,75.00
20,1036,NATCOPHARM,EQ,74177,58256,78.54
20,1037,NATHBIOGEN,EQ,12639,9803,77.56
20,1038,NATIONALUM,EQ,3706351,1288520,34.77
20,1039,NAUKRI,EQ,474474,236478,49.84
20,1040,NAVINFLUOR,EQ,49096,24117,49.12
20,1041,NAVKARCORP,EQ,92251,59918,64.95
20,1042,NAVNETEDUL,EQ,33780,21240,62.88
20,1043,NBCC,EQ,15908782,3518924,22.12
20,1044,NBIFIN,EQ,222,222,100.00
20,1045,NBVENTURES,EQ,147925,109142,73.78
20,1046,NCC,EQ,10631442,1287953,12.11
20,1047,NCLIND,EQ,288695,229667,79.55
20,1048,NDGL,EQ,2,1,50.00
20,1049,NDL,EQ,10503,8262,78.66
20,1050,NDTV,EQ,11746,9231,78.59
20,1051,NECCLTD,EQ,23151,16971,73.31
20,1052,NECLIFE,EQ,64914,38609,59.48
20,1053,NELCAST,EQ,91969,40354,43.88
20,1054,NELCO,EQ,12866,7506,58.34
20,1055,NEOGEN,EQ,14079,8363,59.40
20,1056,NESCO,EQ,92178,49503,53.70
20,1057,NESTLEIND,EQ,44787,22603,50.47
20,1058,NETFCONSUM,EQ,1035,1033,99.81
20,1059,NETFDIVOPP,EQ,95,55,57.89
20,1060,NETFLTGILT,EQ,1367,709,51.87
20,1061,NETFMID150,EQ,280026,116473,41.59
20,1062,NETFNIF100,EQ,17,17,100.00
20,1063,NETFNV20,EQ,49,44,89.80
20,1064,NETWORK18,EQ,981235,608084,61.97
20,1065,NEULANDLAB,EQ,34394,27058,78.67
20,1066,NEWGEN,EQ,237055,230186,97.10
20,1067,NEXTMEDIA,EQ,6124,6023,98.35
20,1068,NFL,EQ,92842,48508,52.25
20,1069,NH,EQ,256960,133145,51.82
20,1070,NHAI,N1,12920,11490,88.93
20,1071,NHAI,N2,2159,1455,67.39
20,1072,NHAI,N4,170,170,100.00
20,1073,NHAI,N5,600,600,100.00
20,1074,NHAI,N6,2690,2053,76.32
20,1075,NHAI,N8,90,80,88.89
20,1076,NHAI,NA,2804,2140,76.32
20,1077,NHAI,NE,14063,12243,87.06
20,1078,NHBTF2014,N3,18,18,100.00
20,1079,NHBTF2014,N4,21,11,52.38
20,1080,NHBTF2014,N6,200,200,100.00
20,1081,NHBTF2023,N4,200,200,100.00
20,1082,NHPC,EQ,755277,386579,51.18
20,1083,NHPC,N4,93,93,100.00
20,1084,NHPC,N5,41,41,100.00
20,1085,NIACL,EQ,497783,113311,22.76
20,1086,NIFTYBEES,EQ,46392,22311,48.09
20,1087,NIFTYEES,EQ,6,1,16.67
20,1088,NIITLTD,EQ,274394,168838,61.53
20,1089,NIITTECH,EQ,116406,20801,17.87
20,1090,NILAINFRA,EQ,206811,103175,49.89
20,1091,NILASPACES,EQ,35168,33582,95.49
20,1092,NILKAMAL,EQ,11588,6062,52.31
20,1093,NIPPOBATRY,EQ,7664,4699,61.31
20,1094,NITCO,EQ,63440,59660,94.04
20,1095,NITINSPIN,EQ,39298,29440,74.91
20,1096,NLCINDIA,EQ,308906,186504,60.38
20,1097,NMDC,EQ,3203652,406785,12.70
20,1098,NOCIL,EQ,917036,389451,42.47
20,1099,NPBET,EQ,254,188,74.02
20,1100,NRAIL,EQ,8188,4928,60.19
20,1101,NRBBEARING,EQ,22320,11102,49.74
20,1102,NSIL,EQ,601,169,28.12
20,1103,NTPC,EQ,7577320,4423989,58.38
20,1104,NTPC,N6,47,26,55.32
20,1105,NTPC,N7,24063,24049,99.94
20,1106,NTPC,NA,250,150,60.00
20,1107,NTPC,NB,179,179,100.00
20,1108,NTPC,NC,1,1,100.00
20,1109,NTPC,ND,1,1,100.00
20,1110,NUCLEUS,EQ,9214,7034,76.34
20,1111,NXTDIGITAL,EQ,5101,2120,41.56
20,1112,OAL,EQ,6599,2949,44.69
20,1113,OBEROIRLTY,EQ,431551,359693,83.35
20,1114,OCCL,EQ,2200,1716,78.00
20,1115,OFSS,EQ,6817,4864,71.35
20,1116,OIL,EQ,460423,141104,30.65
20,1117,OILCOUNTUB,EQ,13163,7667,58.25
20,1118,OISL,EQ,12895,11920,92.44
20,1119,OLECTRA,EQ,35277,26697,75.68
20,1120,OMAXAUTO,EQ,45665,15180,33.24
20,1121,OMAXE,EQ,108906,82323,75.59
20,1122,OMFURN,SM,6000,6000,100.00
20,1123,OMMETALS,EQ,33311,26592,79.83
20,1124,ONELIFECAP,EQ,1300,1300,100.00
20,1125,ONEPOINT,EQ,641,641,100.00
20,1126,ONGC,EQ,5821375,2809690,48.27
20,1127,ONMOBILE,EQ,3222000,756427,23.48
20,1128,ONWARDTEC,EQ,4314,3946,91.47
20,1129,OPTOCIRCUI,EQ,386320,249880,64.68
20,1130,ORBTEXP,EQ,4381,2683,61.24
20,1131,ORICONENT,EQ,24860,19936,80.19
20,1132,ORIENTABRA,EQ,8270,6944,83.97
20,1133,ORIENTALTL,EQ,34994,27461,78.47
20,1134,ORIENTBANK,EQ,13420056,2114258,15.75
20,1135,ORIENTBELL,EQ,13804,9238,66.92
20,1136,ORIENTCEM,EQ,149354,121546,81.38
20,1137,ORIENTELEC,EQ,302681,240409,79.43
20,1138,ORIENTHOT,EQ,8500,6582,77.44
20,1139,ORIENTLTD,EQ,362,265,73.20
20,1140,ORIENTPPR,EQ,284277,195231,68.68
20,1141,ORIENTREF,EQ,32887,25275,76.85
20,1142,ORISSAMINE,EQ,52687,17895,33.96
20,1143,ORTINLABSS,EQ,30135,21320,70.75
20,1144,OSWALAGRO,EQ,5834,4546,77.92
20,1145,OSWALSEEDS,SM,16000,0,0.00
20,1146,PAGEIND,EQ,20913,8216,39.29
20,1147,PAISALO,EQ,16142,15076,93.40
20,1148,PALASHSECU,EQ,6239,3528,56.55
20,1149,PANACEABIO,EQ,22836,15926,69.74
20,1150,PANACHE,SM,6400,6400,100.00
20,1151,PANAMAPET,EQ,90347,86230,95.44
20,1152,PAPERPROD,EQ,26715,22257,83.31
20,1153,PARACABLES,EQ,21482,20829,96.96
20,1154,PARAGMILK,EQ,1353901,431578,31.88
20,1155,PARSVNATH,EQ,421179,281324,66.79
20,1156,PATELENG,EQ,455710,362803,79.61
20,1157,PATINTLOG,EQ,7683,5359,69.75
20,1158,PATSPINLTD,EQ,522,476,91.19
20,1159,PCJEWELLER,EQ,4215231,1109830,26.33
20,1160,PDMJEPAPER,EQ,38885,26249,67.50
20,1161,PDSMFL,EQ,16642,15400,92.54
20,1162,PEL,EQ,653591,103315,15.81
20,1163,PENIND,EQ,96016,61392,63.94
20,1164,PENINLAND,EQ,321582,197632,61.46
20,1165,PERFECT,SM,6000,6000,100.00
20,1166,PERSISTENT,EQ,90993,47794,52.52
20,1167,PETRONET,EQ,1635407,967852,59.18
20,1168,PFC,EQ,7157750,1284358,17.94
20,1169,PFC,N4,237,231,97.47
20,1170,PFC,N5,1011,1011,100.00
20,1171,PFC,N6,196,103,52.55
20,1172,PFIZER,EQ,16819,7672,45.62
20,1173,PFOCUS,EQ,110761,98160,88.62
20,1174,PFS,EQ,1355549,736146,54.31
20,1175,PGEL,EQ,37262,24801,66.56
20,1176,PGHH,EQ,3860,2013,52.15
20,1177,PGHL,EQ,12277,6195,50.46
20,1178,PGIL,EQ,12400,7072,57.03
20,1179,PHILIPCARB,EQ,444761,163378,36.73
20,1180,PHOENIXLTD,EQ,11498,7617,66.25
20,1181,PIDILITIND,EQ,694313,356168,51.30
20,1182,PIIND,EQ,94643,42342,44.74
20,1183,PILANIINVS,EQ,3799,610,16.06
20,1184,PILITA,EQ,58024,21373,36.83
20,1185,PIONDIST,EQ,15770,10320,65.44
20,1186,PIONEEREMB,EQ,1350,1232,91.26
20,1187,PITTIENG,EQ,66269,39651,59.83
20,1188,PLASTIBLEN,EQ,3003,2283,76.02
20,1189,PNB,EQ,30508426,4552660,14.92
20,1190,PNBGILTS,EQ,228205,105270,46.13
20,1191,PNBHOUSING,EQ,2001482,201817,10.08
20,1192,PNC,EQ,7559,6859,90.74
20,1193,PNCINFRA,EQ,434776,217797,50.09
20,1194,PODDARMENT,EQ,7696,4486,58.29
20,1195,POKARNA,EQ,25169,23169,92.05
20,1196,POLYCAB,EQ,187663,82430,43.92
20,1197,POLYMED,EQ,21546,20338,94.39
20,1198,POLYPLEX,EQ,94528,59881,63.35
20,1199,PONNIERODE,EQ,3391,1584,46.71
20,1200,POWERGRID,EQ,12498147,8510010,68.09
20,1201,POWERMECH,EQ,9876,8592,87.00
20,1202,PPAP,EQ,2619,2229,85.11
20,1203,PPL,EQ,16038,11952,74.52
20,1204,PRABHAT,EQ,41956,30283,72.18
20,1205,PRAENG,EQ,6373,5931,93.06
20,1206,PRAJIND,EQ,560828,179846,32.07
20,1207,PRAKASH,EQ,267628,144875,54.13
20,1208,PRAKASHSTL,EQ,38000,38000,100.00
20,1209,PRECAM,EQ,62724,34381,54.81
20,1210,PRECOT,EQ,5265,3813,72.42
20,1211,PRECWIRE,EQ,2765,1667,60.29
20,1212,PREMEXPLN,EQ,8240,6129,74.38
20,1213,PREMIERPOL,EQ,1761,1071,60.82
20,1214,PRESSMN,EQ,1906,1516,79.54
20,1215,PRESTIGE,EQ,303071,116900,38.57
20,1216,PRICOLLTD,EQ,44829,27091,60.43
20,1217,PRIMESECU,EQ,63485,31835,50.15
20,1218,PRSMJOHNSN,EQ,207091,162074,78.26
20,1219,PSB,EQ,826760,295236,35.71
20,1220,PSL,EQ,2122,2122,100.00
20,1221,PSPPROJECT,EQ,26429,9512,35.99
20,1222,PSUBNKBEES,EQ,10598,9136,86.20
20,1223,PTC,EQ,574353,365666,63.67
20,1224,PTL,EQ,10545,9907,93.95
20,1225,PUNJABCHEM,EQ,1899,1405,73.99
20,1226,PURVA,EQ,108717,47538,43.73
20,1227,PVR,EQ,211073,36882,17.47
20,1228,QGOLDHALF,EQ,871,428,49.14
20,1229,QUESS,EQ,79383,25623,32.28
20,1230,QUICKHEAL,EQ,150713,55428,36.78
20,1231,RADAAN,EQ,6660,6660,100.00
20,1232,RADICO,EQ,563836,276270,49.00
20,1233,RADIOCITY,EQ,56780,29535,52.02
20,1234,RAIN,EQ,778546,340313,43.71
20,1235,RAJESHEXPO,EQ,132535,55963,42.23
20,1236,RAJSREESUG,EQ,5105,1983,38.84
20,1237,RAJTV,EQ,547,507,92.69
20,1238,RALLIS,EQ,193495,88665,45.82
20,1239,RAMANEWS,EQ,2131,1481,69.50
20,1240,RAMASTEEL,EQ,1150,772,67.13
20,1241,RAMCOCEM,EQ,100260,49424,49.30
20,1242,RAMCOIND,EQ,46680,20851,44.67
20,1243,RAMCOSYS,EQ,19269,14900,77.33
20,1244,RAMKY,EQ,86164,62233,72.23
20,1245,RANASUG,EQ,566681,368239,64.98
20,1246,RANEENGINE,EQ,1547,602,38.91
20,1247,RANEHOLDIN,EQ,3795,2883,75.97
20,1248,RATNAMANI,EQ,3148,2287,72.65
20,1249,RAYMOND,EQ,729134,191458,26.26
20,1250,RBL,EQ,6146,2471,40.21
20,1251,RBLBANK,EQ,11081950,2039874,18.41
20,1252,RCF,EQ,568656,192672,33.88
20,1253,RCOM,EQ,36218130,24052258,66.41
20,1254,RECLTD,EQ,5012674,1485559,29.64
20,1255,RECLTD,N1,761,660,86.73
20,1256,RECLTD,N2,440,440,100.00
20,1257,RECLTD,N6,11,11,100.00
20,1258,RECLTD,N8,93,93,100.00
20,1259,RECLTD,N9,1279,1039,81.24
20,1260,RECLTD,NF,457,457,100.00
20,1261,RECLTD,NG,1386,1361,98.20
20,1262,RECLTD,NI,5,5,100.00
20,1263,REDINGTON,EQ,452322,410852,90.83
20,1264,REFEX,EQ,18644,18644,100.00
20,1265,RELAXO,EQ,95335,58950,61.83
20,1266,RELCAPITAL,EQ,184937,184937,100.00
20,1267,RELIABLE,SM,4800,2400,50.00
20,1268,RELIANCE,EQ,13795569,4937220,35.79
20,1269,RELIGARE,EQ,1118354,1092770,97.71
20,1270,RELINFRA,EQ,437785,426713,97.47
20,1271,REMSONSIND,EQ,27298,7949,29.12
20,1272,RENUKA,EQ,1234853,761492,61.67
20,1273,REPCOHOME,EQ,192957,54716,28.36
20,1274,REPRO,EQ,3181,2977,93.59
20,1275,RESPONIND,EQ,151737,9560,6.30
20,1276,REVATHI,EQ,39,27,69.23
20,1277,RGL,EQ,644,565,87.73
20,1278,RHFL,EQ,31331,31331,100.00
20,1279,RHFL,N2,60,60,100.00
20,1280,RHFL,N6,60,60,100.00
20,1281,RICOAUTO,EQ,411062,145390,35.37
20,1282,RIIL,EQ,530104,65370,12.33
20,1283,RITES,EQ,3125458,779563,24.94
20,1284,RKDL,EQ,9454,7704,81.49
20,1285,RKEC,SM,30000,27000,90.00
20,1286,RKFORGE,EQ,13661,10488,76.77
20,1287,RMCL,EQ,129615,100797,77.77
20,1288,RMDRIP,SM,4000,0,0.00
20,1289,RML,EQ,5902,3180,53.88
20,1290,RNAM,EQ,6086883,2019881,33.18
20,1291,ROHLTD,EQ,11124,6166,55.43
20,1292,ROSSELLIND,EQ,6289,4650,73.94
20,1293,RPGLIFE,EQ,16432,9024,54.92
20,1294,RPOWER,EQ,1018538,1018537,100.00
20,1295,RPPINFRA,EQ,3532,2877,81.46
20,1296,RPPL,SM,8000,7000,87.50
20,1297,RSWM,EQ,63271,25382,40.12
20,1298,RSYSTEMS,EQ,14158,9378,66.24
20,1299,RTNINFRA,EQ,223705,148222,66.26
20,1300,RUCHIRA,EQ,29436,20296,68.95
20,1301,RUPA,EQ,20415,10024,49.10
20,1302,RUSHIL,EQ,17874,15419,86.26
20,1303,RVNL,EQ,5759265,2688858,46.69
20,1304,SADBHAV,EQ,168903,50804,30.08
20,1305,SADBHIN,EQ,8204,4668,56.90
20,1306,SAFARI,EQ,4847,2648,54.63
20,1307,SAGCEM,EQ,3566,2823,79.16
20,1308,SAIL,EQ,20166801,2068165,10.26
20,1309,SAKETH,SM,72000,70000,97.22
20,1310,SAKHTISUG,EQ,20854,15863,76.07
20,1311,SAKSOFT,EQ,16027,8173,51.00
20,1312,SAKUMA,EQ,101873,65004,63.81
20,1313,SALASAR,EQ,13951,8849,63.43
20,1314,SALONA,EQ,445,437,98.20
20,1315,SALZERELEC,EQ,15025,13794,91.81
20,1316,SAMBHAAV,EQ,16673,12350,74.07
20,1317,SANCO,EQ,53567,22541,42.08
20,1318,SANDESH,EQ,2855,2716,95.13
20,1319,SANDHAR,EQ,9193,8132,88.46
20,1320,SANGAMIND,EQ,1908,1249,65.46
20,1321,SANGHIIND,EQ,157673,140024,88.81
20,1322,SANGHVIMOV,EQ,9533,7392,77.54
20,1323,SANGINITA,EQ,103123,32118,31.15
20,1324,SANOFI,EQ,13198,6213,47.08
20,1325,SANWARIA,EQ,97879,97879,100.00
20,1326,SARDAEN,EQ,19388,13713,70.73
20,1327,SAREGAMA,EQ,18301,11468,62.66
20,1328,SARLAPOLY,EQ,55023,45278,82.29
20,1329,SASKEN,EQ,4353,3108,71.40
20,1330,SASTASUNDR,EQ,771,561,72.76
20,1331,SATIA,EQ,77325,11364,14.70
20,1332,SATIN,EQ,130681,106853,81.77
20,1333,SBIETFQLTY,EQ,11907,10944,91.91
20,1334,SBILIFE,EQ,60449782,30981721,51.25
20,1335,SBIN,EQ,41372145,9016727,21.79
20,1336,SBIN,N2,2,0,0.00
20,1337,SBIN,N5,195,170,87.18
20,1338,SCHAEFFLER,EQ,4415,3009,68.15
20,1339,SCHAND,EQ,37111,22743,61.28
20,1340,SCHNEIDER,EQ,134678,71736,53.26
20,1341,SCI,EQ,6813172,2322144,34.08
20,1342,SEAMECLTD,EQ,5191,4267,82.20
20,1343,SECL,SM,9000,9000,100.00
20,1344,SECURCRED,SM,2400,1800,75.00
20,1345,SELAN,EQ,25491,13937,54.67
20,1346,SELMCL,EQ,78708,56353,71.60
20,1347,SEPOWER,EQ,1018233,991421,97.37
20,1348,SEQUENT,EQ,402140,287602,71.52
20,1349,SESHAPAPER,EQ,21053,15522,73.73
20,1350,SETCO,EQ,382632,224767,58.74
20,1351,SETF10GILT,EQ,40,40,100.00
20,1352,SETFGOLD,EQ,1074,731,68.06
20,1353,SETFNIF50,EQ,32888,28051,85.29
20,1354,SETFNIFBK,EQ,11009,6306,57.28
20,1355,SETFNN50,EQ,1644,1273,77.43
20,1356,SEYAIND,EQ,1277,1277,100.00
20,1357,SFL,EQ,4413,2996,67.89
20,1358,SGBAUG24,GB,72,61,84.72
20,1359,SGBAUG27,GB,76,69,90.79
20,1360,SGBDEC26,GB,11,11,100.00
20,1361,SGBFEB24,GB,11,11,100.00
20,1362,SGBJAN27,GB,2,2,100.00
20,1363,SGBJUL25,GB,56,56,100.00
20,1364,SGBJUN27,GB,6,6,100.00
20,1365,SGBMAR24,GB,1,1,100.00
20,1366,SGBMAR25,GB,134,114,85.07
20,1367,SGBMAY25,GB,10,10,100.00
20,1368,SGBMAY26,GB,5,5,100.00
20,1369,SGBNOV23,GB,6,6,100.00
20,1370,SGBNOV24,GB,293,293,100.00
20,1371,SGBNOV25,GB,23,14,60.87
20,1372,SGBNOV26,GB,98,94,95.92
20,1373,SGBOCT25,GB,2,2,100.00
20,1374,SGBOCT25IV,GB,35,35,100.00
20,1375,SGBOCT27,GB,23,17,73.91
20,1376,SGBOCT27VI,GB,9,7,77.78
20,1377,SGBSEP24,GB,100,100,100.00
20,1378,SGBSEP27,GB,9,9,100.00
20,1379,SGL,EQ,3327,3277,98.50
20,1380,SHAHALLOYS,EQ,2414,1814,75.14
20,1381,SHAKTIPUMP,EQ,72958,32726,44.86
20,1382,SHALBY,EQ,28085,13551,48.25
20,1383,SHALPAINTS,EQ,44911,31550,70.25
20,1384,SHANKARA,EQ,39133,12936,33.06
20,1385,SHANTI,SM,9000,9000,100.00
20,1386,SHANTIGEAR,EQ,35859,13384,37.32
20,1387,SHARDACROP,EQ,5791,4373,75.51
20,1388,SHARDAMOTR,EQ,1555,1351,86.88
20,1389,SHARIABEES,EQ,218,217,99.54
20,1390,SHEMAROO,EQ,7531,4015,53.31
20,1391,SHILPAMED,EQ,8018,6019,75.07
20,1392,SHIVAMAUTO,EQ,235793,116283,49.32
20,1393,SHIVAMILLS,EQ,1428,1390,97.34
20,1394,SHIVATEX,EQ,1702,1529,89.84
20,1395,SHK,EQ,23302,15395,66.07
20,1396,SHOPERSTOP,EQ,12605,8287,65.74
20,1397,SHREDIGCEM,EQ,835474,506147,60.58
20,1398,SHREECEM,EQ,27681,16730,60.44
20,1399,SHREEPUSHK,EQ,11747,8638,73.53
20,1400,SHREERAMA,EQ,13972,13972,100.00
20,1401,SHRENIK,EQ,85569,63298,73.97
20,1402,SHREYANIND,EQ,14052,8014,57.03
20,1403,SHREYAS,EQ,2648,2618,98.87
20,1404,SHRIRAMCIT,EQ,150360,140445,93.41
20,1405,SHRIRAMEPC,EQ,322172,168329,52.25
20,1406,SHUBHLAXMI,SM,54000,39000,72.22
20,1407,SHYAMCENT,EQ,8598,8305,96.59
20,1408,SICAL,EQ,179981,116212,64.57
20,1409,SIEMENS,EQ,849421,342927,40.37
20,1410,SIGIND,EQ,5865,4220,71.95
20,1411,SILINV,EQ,1664,1187,71.33
20,1412,SIMPLEXINF,EQ,110523,66016,59.73
20,1413,SINTEX,EQ,2110158,2105158,99.76
20,1414,SIRCA,EQ,32657,21479,65.77
20,1415,SIS,EQ,6254,4623,73.92
20,1416,SITINET,EQ,143276,138445,96.63
20,1417,SIYSIL,EQ,10614,7370,69.44
20,1418,SJVN,EQ,688549,407938,59.25
20,1419,SKFINDIA,EQ,1080,697,64.54
20,1420,SKIPPER,EQ,14949,11419,76.39
20,1421,SKMEGGPROD,EQ,34200,18087,52.89
20,1422,SMARTLINK,EQ,9508,5069,53.31
20,1423,SMLISUZU,EQ,15784,12222,77.43
20,1424,SMSLIFE,EQ,2948,2147,72.83
20,1425,SMSPHARMA,EQ,30257,18127,59.91
20,1426,SMVD,SM,2000,2000,100.00
20,1427,SNOWMAN,EQ,890774,384008,43.11
20,1428,SOBHA,EQ,88934,48274,54.28
20,1429,SOFTTECH,SM,8000,4800,60.00
20,1430,SOLARA,EQ,346990,314406,90.61
20,1431,SOLARINDS,EQ,3950,3034,76.81
20,1432,SOLEX,SM,4000,4000,100.00
20,1433,SOMANYCERA,EQ,46963,35452,75.49
20,1434,SOMICONVEY,EQ,3262,1904,58.37
20,1435,SONATSOFTW,EQ,60711,31443,51.79
20,1436,SORILINFRA,EQ,5735,5733,99.97
20,1437,SOTL,EQ,515,209,40.58
20,1438,SOUTHBANK,EQ,7030126,2790152,39.69
20,1439,SOUTHWEST,EQ,30046,36,0.12
20,1440,SPAL,EQ,15210,10053,66.09
20,1441,SPANDANA,EQ,62550,41899,66.98
20,1442,SPARC,EQ,562608,123917,22.03
20,1443,SPECIALITY,EQ,46015,25842,56.16
20,1444,SPENCERS,EQ,155866,133429,85.60
20,1445,SPIC,EQ,15541,9661,62.16
20,1446,SPICEJET,EQ,1359413,573951,42.22
20,1447,SPLIL,EQ,62060,37695,60.74
20,1448,SPMLINFRA,EQ,2972,2972,100.00
20,1449,SPTL,EQ,9994004,7719959,77.25
20,1450,SREEL,EQ,8291,5990,72.25
20,1451,SREIBNPNCD,N7,5,5,100.00
20,1452,SREIBNPNCD,N8,100,100,100.00
20,1453,SREIBNPNCD,NF,1,1,100.00
20,1454,SREIBNPNCD,NL,111,111,100.00
20,1455,SREIBNPNCD,NP,20,20,100.00
20,1456,SREIBNPNCD,NV,70,70,100.00
20,1457,SREINFRA,EQ,858800,650519,75.75
20,1458,SREINFRA,Y1,224,203,90.63
20,1459,SREINFRA,Y6,120,120,100.00
20,1460,SREINFRA,Y7,256,206,80.47
20,1461,SREINFRA,Y9,30,30,100.00
20,1462,SREINFRA,YG,23,23,100.00
20,1463,SRF,EQ,128761,18330,14.24
20,1464,SRHHYPOLTD,EQ,5920,5334,90.10
20,1465,SRIPIPES,EQ,41579,28419,68.35
20,1466,SRTRANSFIN,EQ,586375,315599,53.82
20,1467,SRTRANSFIN,Y3,5,5,100.00
20,1468,SRTRANSFIN,Y6,200,200,100.00
20,1469,SRTRANSFIN,Y9,820,720,87.80
20,1470,SRTRANSFIN,YB,5,5,100.00
20,1471,SRTRANSFIN,YH,1084,763,70.39
20,1472,SRTRANSFIN,YI,605,605,100.00
20,1473,SRTRANSFIN,YJ,461,461,100.00
20,1474,SRTRANSFIN,YK,348,298,85.63
20,1475,SRTRANSFIN,YL,4185,4185,100.00
20,1476,SRTRANSFIN,YM,25,25,100.00
20,1477,SRTRANSFIN,YN,25,25,100.00
20,1478,SRTRANSFIN,YO,719,714,99.30
20,1479,SRTRANSFIN,YP,56,56,100.00
20,1480,SRTRANSFIN,YQ,287,287,100.00
20,1481,SRTRANSFIN,YR,25,25,100.00
20,1482,SRTRANSFIN,YS,269,269,100.00
20,1483,SRTRANSFIN,YT,25,25,100.00
20,1484,SRTRANSFIN,YU,25,25,100.00
20,1485,SRTRANSFIN,YV,286,286,100.00
20,1486,SRTRANSFIN,YW,261,261,100.00
20,1487,SRTRANSFIN,YX,125,120,96.00
20,1488,SRTRANSFIN,YY,25,25,100.00
20,1489,SRTRANSFIN,YZ,101,101,100.00
20,1490,SRTRANSFIN,Z1,42,42,100.00
20,1491,SRTRANSFIN,Z2,85,85,100.00
20,1492,SRTRANSFIN,Z3,35,35,100.00
20,1493,SRTRANSFIN,Z4,24,24,100.00
20,1494,SRTRANSFIN,Z6,103,85,82.52
20,1495,SRTRANSFIN,Z7,137,137,100.00
20,1496,SRTRANSFIN,Z8,25,25,100.00
20,1497,SRTRANSFIN,Z9,25,25,100.00
20,1498,SRTRANSFIN,ZB,25,25,100.00
20,1499,SRTRANSFIN,ZC,39,39,100.00
20,1500,SSINFRA,SM,39000,9000,23.08
20,1501,SSWL,EQ,19570,10564,53.98
20,1502,STAMPEDE,EQ,45754,34085,74.50
20,1503,STAN,DR,1909,1434,75.12
20,1504,STAR,EQ,265503,138457,52.15
20,1505,STARCEMENT,EQ,44833,31667,70.63
20,1506,STARPAPER,EQ,32943,16720,50.75
20,1507,STEELCITY,EQ,1206,1091,90.46
20,1508,STEELXIND,EQ,229430,137804,60.06
20,1509,STEL,EQ,15346,7506,48.91
20,1510,STERTOOLS,EQ,1684,1139,67.64
20,1511,STRTECH,EQ,1056369,381441,36.11
20,1512,SUBEX,EQ,1014605,736119,72.55
20,1513,SUBROS,EQ,35789,19505,54.50
20,1514,SUDARSCHEM,EQ,53606,18004,33.59
20,1515,SUMEETINDS,EQ,158295,147453,93.15
20,1516,SUMIT,EQ,122386,121555,99.32
20,1517,SUMMITSEC,EQ,3550,2099,59.13
20,1518,SUNCLAYLTD,EQ,837,497,59.38
20,1519,SUNDARAM,EQ,43572,29975,68.79
20,1520,SUNDARMFIN,EQ,15914,8615,54.13
20,1521,SUNDARMHLD,EQ,14311,12689,88.67
20,1522,SUNDRMBRAK,EQ,1557,1098,70.52
20,1523,SUNDRMFAST,EQ,25042,19885,79.41
20,1524,SUNFLAG,EQ,207695,118327,56.97
20,1525,SUNPHARMA,EQ,4163853,1352330,32.48
20,1526,SUNTECK,EQ,167664,57636,34.38
20,1527,SUNTV,EQ,1027871,293938,28.60
20,1528,SUPERHOUSE,EQ,7644,6052,79.17
20,1529,SUPERSPIN,EQ,22702,15935,70.19
20,1530,SUPPETRO,EQ,6421,4684,72.95
20,1531,SUPRAJIT,EQ,42885,32654,76.14
20,1532,SUPREMEENG,SM,4000,4000,100.00
20,1533,SUPREMEIND,EQ,5737,3338,58.18
20,1534,SUPREMEINF,EQ,8745,8422,96.31
20,1535,SURANASOL,EQ,13893,9961,71.70
20,1536,SURANAT&P,EQ,19530,14007,71.72
20,1537,SURYALAXMI,EQ,5289,2155,40.74
20,1538,SURYAROSNI,EQ,65799,30460,46.29
20,1539,SUTLEJTEX,EQ,18660,17495,93.76
20,1540,SUULD,SM,40000,0,0.00
20,1541,SUVEN,EQ,852540,214055,25.11
20,1542,SUZLON,EQ,10201866,6386188,62.60
20,1543,SVLL,SM,2000,2000,100.00
20,1544,SWANENERGY,EQ,105122,18563,17.66
20,1545,SWARAJENG,EQ,3976,3184,80.08
20,1546,SWELECTES,EQ,15974,9015,56.44
20,1547,SWSOLAR,EQ,148246,148236,99.99
20,1548,SYMPHONY,EQ,6282,4378,69.69
20,1549,SYNDIBANK,EQ,7702712,2009011,26.08
20,1550,SYNGENE,EQ,53248,43840,82.33
20,1551,TAINWALCHM,EQ,1091,870,79.74
20,1552,TAJGVK,EQ,27111,7677,28.32
20,1553,TAKE,EQ,256846,206869,80.54
20,1554,TALBROAUTO,EQ,29350,12098,41.22
20,1555,TALWALKARS,EQ,11626,11606,99.83
20,1556,TALWGYM,EQ,19346,18487,95.56
20,1557,TANLA,EQ,508666,303527,59.67
20,1558,TARACHAND,SM,20000,6000,30.00
20,1559,TARMAT,EQ,3667,3569,97.33
20,1560,TASTYBITE,EQ,151,75,49.67
20,1561,TATACHEM,EQ,1033322,262602,25.41
20,1562,TATACOFFEE,EQ,132035,63838,48.35
20,1563,TATACOMM,EQ,84358,35541,42.13
20,1564,TATAELXSI,EQ,2045547,200283,9.79
20,1565,TATAGLOBAL,EQ,1672538,702645,42.01
20,1566,TATAINVEST,EQ,4741,2859,60.30
20,1567,TATAMETALI,EQ,29941,11549,38.57
20,1568,TATAMOTORS,EQ,19599195,4044634,20.64
20,1569,TATAMTRDVR,EQ,2574357,498180,19.35
20,1570,TATAPOWER,EQ,3922027,1183805,30.18
20,1571,TATASTEEL,E1,89501,55780,62.32
20,1572,TATASTEEL,EQ,14265083,1583128,11.10
20,1573,TATASTLBSL,EQ,496308,165199,33.29
20,1574,TATASTLLP,EQ,18862,11869,62.93
20,1575,TBZ,EQ,133899,28710,21.44
20,1576,TCFSL,NB,965,955,98.96
20,1577,TCFSL,ND,2085,1367,65.56
20,1578,TCFSL,NF,100,100,100.00
20,1579,TCFSL,NH,80,40,50.00
20,1580,TCFSL,NJ,45,35,77.78
20,1581,TCFSL,NL,269,200,74.35
20,1582,TCFSL,NN,226,226,100.00
20,1583,TCI,EQ,7409,5040,68.03
20,1584,TCIDEVELOP,EQ,146,75,51.37
20,1585,TCIEXP,EQ,13170,8579,65.14
20,1586,TCIFINANCE,EQ,58122,36948,63.57
20,1587,TCNSBRANDS,EQ,4829,2492,51.60
20,1588,TCPLPACK,EQ,3170,2384,75.21
20,1589,TCS,EQ,2975313,1817909,61.10
20,1590,TDPOWERSYS,EQ,8214,5896,71.78
20,1591,TEAMLEASE,EQ,50127,31356,62.55
20,1592,TECHM,EQ,2725437,1733375,63.60
20,1593,TECHNOE,EQ,59189,29753,50.27
20,1594,TEJASNET,EQ,1169725,294028,25.14
20,1595,TERASOFT,EQ,7329,5823,79.45
20,1596,TEXINFRA,EQ,48970,41648,85.05
20,1597,TEXMOPIPES,EQ,54377,42347,77.88
20,1598,TEXRAIL,EQ,175963,62356,35.44
20,1599,TFCILTD,EQ,47155,16541,35.08
20,1600,TFL,EQ,3310,3104,93.78
20,1601,TGBHOTELS,EQ,8872,6605,74.45
20,1602,THANGAMAYL,EQ,8888,8248,92.80
20,1603,THEINVEST,EQ,6542,3608,55.15
20,1604,THERMAX,EQ,43462,38310,88.15
20,1605,THOMASCOOK,EQ,173610,82558,47.55
20,1606,THYROCARE,EQ,86022,55406,64.41
20,1607,TI,EQ,30228,28918,95.67
20,1608,TIDEWATER,EQ,600,383,63.83
20,1609,TIIL,EQ,8060,5132,63.67
20,1610,TIINDIA,EQ,53834,44817,83.25
20,1611,TIJARIA,EQ,8268,5648,68.31
20,1612,TIL,EQ,2225,1509,67.82
20,1613,TIMESGTY,EQ,1647,1511,91.74
20,1614,TIMETECHNO,EQ,723273,403106,55.73
20,1615,TIMKEN,EQ,11002,5493,49.93
20,1616,TINPLATE,EQ,510740,178602,34.97
20,1617,TIPSINDLTD,EQ,3119,2033,65.18
20,1618,TIRUMALCHM,EQ,361003,149531,41.42
20,1619,TIRUPATIFL,SM,3200,3200,100.00
20,1620,TITAN,EQ,1109428,364762,32.88
20,1621,TNPETRO,EQ,114273,61626,53.93
20,1622,TNPL,EQ,63470,36863,58.08
20,1623,TORNTPHARM,EQ,95951,33475,34.89
20,1624,TORNTPOWER,EQ,754382,335632,44.49
20,1625,TOTAL,SM,9000,9000,100.00
20,1626,TOUCHWOOD,SM,3750,3750,100.00
20,1627,TPLPLASTEH,EQ,4150,1609,38.77
20,1628,TREJHARA,EQ,6659,1700,25.53
20,1629,TRENT,EQ,82304,38683,47.00
20,1630,TRF,EQ,9591,4873,50.81
20,1631,TRIDENT,EQ,302968,150412,49.65
20,1632,TRIGYN,EQ,57894,21346,36.87
20,1633,TRIL,EQ,131176,101919,77.70
20,1634,TRITURBINE,EQ,9156,5531,60.41
20,1635,TRIVENI,EQ,397402,124194,31.25
20,1636,TTKHLTCARE,EQ,2310,926,40.09
20,1637,TTKPRESTIG,EQ,1853,1221,65.89
20,1638,TTL,EQ,1555,1321,84.95
20,1639,TTML,EQ,3242648,1705776,52.60
20,1640,TV18BRDCST,EQ,2691095,1274640,47.37
20,1641,TVSMOTOR,EQ,843871,171105,20.28
20,1642,TVSSRICHAK,EQ,3354,2746,81.87
20,1643,TVTODAY,EQ,29674,26517,89.36
20,1644,TVVISION,EQ,3001,3001,100.00
20,1645,TWL,EQ,1808431,492698,27.24
20,1646,UBL,EQ,515508,307063,59.57
20,1647,UCALFUEL,EQ,16195,6418,39.63
20,1648,UCOBANK,EQ,9792516,2633019,26.89
20,1649,UFLEX,EQ,22231,15503,69.74
20,1650,UFO,EQ,10898,6153,56.46
20,1651,UGARSUGAR,EQ,52818,39287,74.38
20,1652,UJAAS,EQ,204661,141206,69.00
20,1653,UJJIVAN,EQ,1544790,279356,18.08
20,1654,ULTRACEMCO,EQ,561897,404079,71.91
20,1655,UMANGDAIRY,EQ,14514,7343,50.59
20,1656,UNICHEMLAB,EQ,49533,19232,38.83
20,1657,UNIENTER,EQ,9050,5757,63.61
20,1658,UNIINFO,SM,48000,10000,20.83
20,1659,UNIONBANK,EQ,29201112,3175003,10.87
20,1660,UNIPLY,EQ,558907,345384,61.80
20,1661,UNITECH,EQ,2316147,2316127,100.00
20,1662,UNITEDBNK,EQ,2620453,1231822,47.01
20,1663,UNITEDTEA,EQ,13,9,69.23
20,1664,UNIVCABLES,EQ,35283,9908,28.08
20,1665,UPL,EQ,4602774,1635587,35.53
20,1666,URJA,EQ,651605,461621,70.84
20,1667,USHAMART,EQ,307555,214973,69.90
20,1668,UTINEXT50,EQ,13,13,100.00
20,1669,UTINIFTETF,EQ,4871,4863,99.84
20,1670,UTISENSETF,EQ,137,77,56.20
20,1671,UTTAMSUGAR,EQ,206421,60538,29.33
20,1672,V2RETAIL,EQ,20504,9670,47.16
20,1673,VADILALIND,EQ,43557,16483,37.84
20,1674,VAIBHAVGBL,EQ,30516,27496,90.10
20,1675,VAKRANGEE,EQ,4215635,3566768,84.61
20,1676,VARDHACRLC,EQ,17081,16105,94.29
20,1677,VARROC,EQ,16458,7931,48.19
20,1678,VASCONEQ,EQ,82168,60060,73.09
20,1679,VASWANI,EQ,2216,1655,74.68
20,1680,VBL,EQ,132063,67833,51.36
20,1681,VEDL,EQ,11847416,3246801,27.41
20,1682,VENKEYS,EQ,67149,25875,38.53
20,1683,VERTOZ,SM,19200,15600,81.25
20,1684,VESUVIUS,EQ,1212,948,78.22
20,1685,VETO,EQ,23550,17994,76.41
20,1686,VGUARD,EQ,79621,40439,50.79
20,1687,VHL,EQ,292,154,52.74
20,1688,VIDHIING,EQ,19356,15876,82.02
20,1689,VIJIFIN,EQ,51343,51143,99.61
20,1690,VIKASECO,EQ,249267,163660,65.66
20,1691,VIKASPROP,EQ,12645,12645,100.00
20,1692,VIKASWSP,EQ,161111,121871,75.64
20,1693,VIMTALABS,EQ,31825,23639,74.28
20,1694,VINATIORGA,EQ,29593,16151,54.58
20,1695,VINDHYATEL,EQ,11317,5714,50.49
20,1696,VINYLINDIA,EQ,13784,9378,68.04
20,1697,VIPCLOTHNG,EQ,80046,64915,81.10
20,1698,VIPIND,EQ,81900,36914,45.07
20,1699,VIPULLTD,EQ,73687,4531,6.15
20,1700,VISAKAIND,EQ,28618,16651,58.18
20,1701,VISHNU,EQ,1031,927,89.91
20,1702,VISHWARAJ,EQ,75520,41557,55.03
20,1703,VIVIDHA,EQ,140606,139598,99.28
20,1704,VIVIMEDLAB,EQ,88496,58951,66.61
20,1705,VLSFINANCE,EQ,12851,10179,79.21
20,1706,VMART,EQ,5809,1913,32.93
20,1707,VOLTAMP,EQ,5795,3320,57.29
20,1708,VOLTAS,EQ,792191,377086,47.60
20,1709,VRLLOG,EQ,58907,33328,56.58
20,1710,VSCL,SM,3000,3000,100.00
20,1711,VSSL,EQ,4616,3091,66.96
20,1712,VSTIND,EQ,1612,887,55.02
20,1713,VSTTILLERS,EQ,4507,3248,72.07
20,1714,VTL,EQ,6216,4328,69.63
20,1715,WABAG,EQ,57830,34634,59.89
20,1716,WABCOINDIA,EQ,1230,662,53.82
20,1717,WALCHANNAG,EQ,314375,118257,37.62
20,1718,WATERBASE,EQ,181404,81447,44.90
20,1719,WEBELSOLAR,EQ,150148,132271,88.09
20,1720,WEIZFOREX,EQ,907,693,76.41
20,1721,WEIZMANIND,EQ,459,458,99.78
20,1722,WELCORP,EQ,717478,395975,55.19
20,1723,WELENT,EQ,120451,38206,31.72
20,1724,WELSPUNIND,EQ,284113,197057,69.36
20,1725,WENDT,EQ,165,95,57.58
20,1726,WESTLIFE,EQ,13215,9003,68.13
20,1727,WFL,SM,46400,30400,65.52
20,1728,WHEELS,EQ,758,534,70.45
20,1729,WHIRLPOOL,EQ,53932,37850,70.18
20,1730,WILLAMAGOR,EQ,12433,9336,75.09
20,1731,WIPRO,EQ,2030656,932495,45.92
20,1732,WOCKPHARMA,EQ,1291759,173021,13.39
20,1733,WONDERLA,EQ,15551,9405,60.48
20,1734,WORTH,SM,1500,1500,100.00
20,1735,WSTCSTPAPR,EQ,112634,79919,70.95
20,1736,XCHANGING,EQ,70079,66380,94.72
20,1737,XELPMOC,EQ,2077,201,9.68
20,1738,XPROINDIA,EQ,2971,2411,81.15
20,1739,YESBANK,EQ,239228500,32455226,13.57
20,1740,ZEEL,EQ,11267424,3412894,30.29
20,1741,ZEEL,P2,1490414,1433779,96.20
20,1742,ZEELEARN,EQ,525203,492985,93.87
20,1743,ZEEMEDIA,EQ,2534368,1369065,54.02
20,1744,ZENITHEXPO,EQ,1933,1499,77.55
20,1745,ZENSARTECH,EQ,79472,65410,82.31
20,1746,ZENTEC,EQ,19311,12163,62.98
20,1747,ZODIAC,SM,14000,4000,28.57
20,1748,ZODIACLOTH,EQ,1778,864,48.59
20,1749,ZODJRDMKJ,EQ,528,338,64.02
20,1750,ZOTA,EQ,27984,4827,17.25
20,1751,ZUARI,EQ,24534,14464,58.95
20,1752,ZUARIGLOB,EQ,52073,42521,81.66
20,1753,ZYDUSWELL,EQ,19456,9412,48.38
